E  DOS_r  DOS_i
        -1       0.286224   -6.63616e-18
 -0.997998       0.286243   -7.71875e-19
 -0.995996       0.286263    9.99483e-18
 -0.993994       0.286282     1.1265e-17
 -0.991992       0.286302    6.72039e-19
  -0.98999       0.286322   -4.27862e-18
 -0.987988       0.286343   -3.38168e-18
 -0.985986       0.286364    7.90675e-18
 -0.983984       0.286385   -8.95936e-18
 -0.981982       0.286407    2.21729e-18
  -0.97998       0.286429   -1.09485e-17
 -0.977978       0.286452   -2.27061e-18
 -0.975976       0.286475   -1.25243e-18
 -0.973974       0.286498    8.81098e-18
 -0.971972       0.286522   -7.03345e-18
  -0.96997       0.286546    4.24214e-18
 -0.967968        0.28657    2.27909e-18
 -0.965966       0.286595   -1.58016e-18
 -0.963964        0.28662   -7.76383e-18
 -0.961962       0.286646   -1.63885e-17
  -0.95996       0.286672    7.61989e-19
 -0.957958       0.286698   -2.66281e-18
 -0.955956       0.286725    2.00044e-19
 -0.953954       0.286752   -6.75544e-18
 -0.951952        0.28678   -6.02152e-19
  -0.94995       0.286808   -7.36453e-18
 -0.947948       0.286836   -6.02231e-18
 -0.945946       0.286865   -9.08358e-18
 -0.943944       0.286895   -5.11028e-18
 -0.941942       0.286924   -1.32055e-18
  -0.93994       0.286954   -2.99694e-18
 -0.937938       0.286985   -8.30844e-19
 -0.935936       0.287016    3.14507e-18
 -0.933934       0.287048    -5.0039e-18
 -0.931932        0.28708    7.00788e-18
  -0.92993       0.287112    3.30035e-18
 -0.927928       0.287145   -1.23932e-17
 -0.925926       0.287178    -7.4061e-19
 -0.923924       0.287212    6.00792e-18
 -0.921922       0.287246    4.54152e-18
  -0.91992       0.287281    3.62375e-18
 -0.917918       0.287316   -5.54001e-18
 -0.915916       0.287352    2.99794e-18
 -0.913914       0.287388    2.63449e-18
 -0.911912       0.287425   -1.13802e-18
  -0.90991       0.287462   -2.48235e-18
 -0.907908         0.2875    9.73186e-19
 -0.905906       0.287538    1.68876e-18
 -0.903904       0.287576    2.88663e-18
 -0.901902       0.287616    9.23683e-18
   -0.8999       0.287655   -2.64363e-18
 -0.897898       0.287695   -2.58049e-18
 -0.895896       0.287736     6.3612e-18
 -0.893894       0.287777   -1.09981e-17
 -0.891892       0.287819    5.28136e-18
  -0.88989       0.287861   -2.96446e-18
 -0.887888       0.287904    3.87388e-18
 -0.885886       0.287948    2.85682e-18
 -0.883884       0.287992   -7.40506e-18
 -0.881882       0.288036   -3.50023e-18
  -0.87988       0.288081   -9.15419e-19
 -0.877878       0.288127    7.33105e-18
 -0.875876       0.288173    8.35151e-19
 -0.873874        0.28822    6.87646e-18
 -0.871872       0.288267   -8.47657e-19
  -0.86987       0.288315    3.63497e-19
 -0.867868       0.288364    -1.7113e-18
 -0.865866       0.288413   -6.15388e-18
 -0.863864       0.288463   -4.70938e-18
 -0.861862       0.288513    4.57373e-18
  -0.85986       0.288564    1.21933e-18
 -0.857858       0.288616   -7.65758e-18
 -0.855856       0.288668    1.10395e-18
 -0.853854       0.288721   -9.93919e-18
 -0.851852       0.288774   -6.04047e-18
  -0.84985       0.288829   -5.61134e-18
 -0.847848       0.288883   -5.38488e-18
 -0.845846       0.288939   -5.50806e-18
 -0.843844       0.288995    5.25587e-18
 -0.841842       0.289052   -2.48055e-18
  -0.83984       0.289109    -1.0391e-17
 -0.837838       0.289168    -7.2896e-18
 -0.835836       0.289227    9.06832e-19
 -0.833834       0.289286   -1.04744e-17
 -0.831832       0.289346    7.73051e-18
  -0.82983       0.289407    1.17871e-18
 -0.827828       0.289469     3.0083e-18
 -0.825826       0.289532    1.03881e-17
 -0.823824       0.289595    -5.6367e-18
 -0.821822       0.289659   -1.79473e-18
  -0.81982       0.289724   -1.91758e-19
 -0.817818       0.289789    -3.8255e-18
 -0.815816       0.289855   -5.47743e-18
 -0.813814       0.289922   -7.29206e-18
 -0.811812        0.28999    8.86225e-18
  -0.80981       0.290059    6.69908e-18
 -0.807808       0.290128   -7.40894e-18
 -0.805806       0.290198    7.62648e-18
 -0.803804       0.290269    1.31757e-18
 -0.801802       0.290341    2.37897e-18
   -0.7998       0.290414   -3.42105e-18
 -0.797798       0.290487    2.58289e-18
 -0.795796       0.290562   -1.31847e-18
 -0.793794       0.290637   -3.30489e-18
 -0.791792       0.290713    4.75005e-18
  -0.78979        0.29079   -1.20331e-18
 -0.787788       0.290868   -1.65791e-18
 -0.785786       0.290947    9.89755e-18
 -0.783784       0.291027    2.03242e-18
 -0.781782       0.291107   -9.75249e-18
  -0.77978       0.291189    -1.9813e-19
 -0.777778       0.291272   -1.29407e-17
 -0.775776       0.291355    9.40499e-18
 -0.773774       0.291439   -2.07395e-18
 -0.771772       0.291525   -6.21605e-20
  -0.76977       0.291611   -7.67075e-19
 -0.767768       0.291699   -2.64517e-18
 -0.765766       0.291787   -1.75953e-18
 -0.763764       0.291877   -5.06154e-18
 -0.761762       0.291967    1.15182e-17
  -0.75976       0.292059   -1.22953e-18
 -0.757758       0.292151    1.41027e-17
 -0.755756       0.292245   -7.12465e-18
 -0.753754        0.29234    4.33664e-19
 -0.751752       0.292436    3.94535e-18
  -0.74975       0.292533     3.2006e-19
 -0.747748       0.292631   -8.63131e-18
 -0.745746        0.29273    3.51136e-19
 -0.743744       0.292831     -8.076e-18
 -0.741742       0.292932   -1.05515e-17
  -0.73974       0.293035   -3.33993e-18
 -0.737738       0.293139   -1.64791e-17
 -0.735736       0.293244    1.71521e-18
 -0.733734        0.29335    5.91548e-18
 -0.731732       0.293458    5.00321e-18
  -0.72973       0.293567   -7.96642e-19
 -0.727728       0.293677    4.27479e-18
 -0.725726       0.293789    4.56906e-18
 -0.723724       0.293901   -2.70149e-18
 -0.721722       0.294016    1.59546e-17
  -0.71972       0.294131    2.10794e-18
 -0.717718       0.294248   -9.65885e-18
 -0.715716       0.294366    1.62604e-18
 -0.713714       0.294485   -2.14394e-18
 -0.711712       0.294606   -5.95669e-19
  -0.70971       0.294729    4.37433e-18
 -0.707708       0.294853    5.44206e-19
 -0.705706       0.294978    4.25569e-18
 -0.703704       0.295105    4.97105e-18
 -0.701702       0.295233   -6.30816e-18
   -0.6997       0.295363   -5.80892e-18
 -0.697698       0.295494   -4.49623e-19
 -0.695696       0.295627    7.05838e-18
 -0.693694       0.295762   -5.57956e-18
 -0.691692       0.295898   -8.72563e-18
  -0.68969       0.296036    9.89717e-19
 -0.687688       0.296176     -1.325e-17
 -0.685686       0.296317    2.26889e-18
 -0.683684        0.29646   -1.05792e-17
 -0.681682       0.296604    5.06317e-18
  -0.67968        0.29675   -1.60939e-18
 -0.677678       0.296899    7.30745e-18
 -0.675676       0.297049    6.84743e-19
 -0.673674         0.2972     4.0332e-18
 -0.671672       0.297354   -7.41539e-18
  -0.66967       0.297509    3.14442e-18
 -0.667668       0.297667   -3.38704e-18
 -0.665666       0.297826    8.03893e-18
 -0.663664       0.297987    -1.0716e-17
 -0.661662       0.298151    4.28874e-18
  -0.65966       0.298316   -1.49385e-17
 -0.657658       0.298484    5.98705e-18
 -0.655656       0.298653    8.45794e-18
 -0.653654       0.298825   -7.50621e-18
 -0.651652       0.298998    4.90786e-18
  -0.64965       0.299174   -6.51392e-20
 -0.647648       0.299352    4.31047e-18
 -0.645646       0.299533    4.64977e-18
 -0.643644       0.299715    1.98268e-18
 -0.641642         0.2999   -1.95335e-17
  -0.63964       0.300088    3.83958e-18
 -0.637638       0.300278   -7.72999e-18
 -0.635636        0.30047    1.06829e-17
 -0.633634       0.300664    8.01552e-18
 -0.631632       0.300862   -4.26831e-18
  -0.62963       0.301061    3.93745e-18
 -0.627628       0.301264     1.5292e-18
 -0.625626       0.301468    8.22181e-18
 -0.623624       0.301676    3.14624e-18
 -0.621622       0.301886    2.66391e-18
  -0.61962       0.302099    6.52948e-18
 -0.617618       0.302315    1.50722e-17
 -0.615616       0.302534   -2.67111e-18
 -0.613614       0.302756    -9.5961e-18
 -0.611612        0.30298    1.41791e-17
  -0.60961       0.303208   -4.13685e-18
 -0.607608       0.303439     4.7787e-18
 -0.605606       0.303672    -2.1346e-18
 -0.603604       0.303909     3.1012e-18
 -0.601602       0.304149   -9.49123e-18
   -0.5996       0.304393    3.29513e-18
 -0.597598       0.304639    5.33314e-18
 -0.595596        0.30489    5.90276e-18
 -0.593594       0.305143   -6.52452e-18
 -0.591592         0.3054    8.96707e-18
  -0.58959       0.305661    -1.0031e-17
 -0.587588       0.305925   -6.01894e-18
 -0.585586       0.306193    1.40346e-17
 -0.583584       0.306465    2.52002e-18
 -0.581582        0.30674    6.00763e-19
  -0.57958        0.30702   -1.03012e-17
 -0.577578       0.307303   -2.82432e-18
 -0.575576       0.307591   -3.44491e-18
 -0.573574       0.307882    1.00369e-17
 -0.571572       0.308178    6.41297e-18
  -0.56957       0.308478    7.23982e-18
 -0.567568       0.308783   -7.78336e-19
 -0.565566       0.309092    9.37362e-18
 -0.563564       0.309405    8.94945e-19
 -0.561562       0.309723   -3.11943e-18
  -0.55956       0.310046    -1.2312e-17
 -0.557558       0.310373    -1.1776e-17
 -0.555556       0.310706   -1.32255e-17
 -0.553554       0.311043   -6.69834e-18
 -0.551552       0.311386    1.24617e-17
  -0.54955       0.311734    4.44692e-18
 -0.547548       0.312087    1.80839e-17
 -0.545546       0.312446   -1.57644e-18
 -0.543544        0.31281   -5.89058e-18
 -0.541542       0.313179    4.89554e-18
  -0.53954       0.313555    2.03577e-17
 -0.537538       0.313936    5.32141e-18
 -0.535536       0.314324    5.41819e-18
 -0.533534       0.314717    1.75626e-18
 -0.531532       0.315117    1.07747e-17
  -0.52953       0.315523   -1.10243e-17
 -0.527528       0.315936   -1.25797e-17
 -0.525526       0.316355    2.48342e-18
 -0.523524       0.316782   -2.10472e-18
 -0.521522       0.317215    9.28793e-18
  -0.51952       0.317655   -2.17548e-17
 -0.517518       0.318103    1.42216e-17
 -0.515516       0.318558    9.62312e-18
 -0.513514       0.319021    1.02074e-17
 -0.511512       0.319492   -1.82943e-17
  -0.50951       0.319971    7.38978e-18
 -0.507508       0.320458   -1.69902e-18
 -0.505506       0.320953   -5.23819e-18
 -0.503504       0.321457    5.07427e-18
 -0.501502        0.32197   -4.46089e-18
 -0.499499       0.322491    -7.8628e-18
 -0.497497       0.323022    2.58671e-17
 -0.495495       0.323563   -9.05602e-18
 -0.493493       0.324113    3.87033e-18
 -0.491491       0.324673     4.8319e-18
 -0.489489       0.325243    8.53158e-18
 -0.487487       0.325824   -1.01226e-17
 -0.485485       0.326416     1.1074e-17
 -0.483483       0.327018    2.95513e-17
 -0.481481       0.327632    1.01861e-17
 -0.479479       0.328257    8.60053e-18
 -0.477477       0.328895     7.6612e-18
 -0.475475       0.329544   -1.61381e-17
 -0.473473       0.330206    2.81398e-18
 -0.471471       0.330881    2.47584e-18
 -0.469469       0.331569   -1.24835e-17
 -0.467467       0.332271   -3.67607e-18
 -0.465465       0.332987    3.31331e-17
 -0.463463       0.333717    1.89064e-18
 -0.461461       0.334462   -2.22117e-17
 -0.459459       0.335222    1.06552e-18
 -0.457457       0.335998   -9.61879e-18
 -0.455455        0.33679     9.4226e-19
 -0.453453       0.337599   -5.52548e-18
 -0.451451       0.338425    1.56587e-17
 -0.449449       0.339269    2.55551e-17
 -0.447447        0.34013    8.88041e-18
 -0.445445       0.341011   -1.14569e-17
 -0.443443       0.341911   -8.37192e-18
 -0.441441       0.342831   -1.91584e-17
 -0.439439       0.343771   -1.50638e-17
 -0.437437       0.344733   -2.60936e-18
 -0.435435       0.345717   -3.73417e-18
 -0.433433       0.346724   -2.04657e-17
 -0.431431       0.347754    8.58911e-18
 -0.429429       0.348808   -2.05239e-17
 -0.427427       0.349887    1.21351e-17
 -0.425425       0.350993    1.62358e-17
 -0.423423       0.352125   -5.97094e-18
 -0.421421       0.353286    4.69809e-18
 -0.419419       0.354475    2.53868e-18
 -0.417417       0.355694   -1.02584e-17
 -0.415415       0.356944    1.20688e-17
 -0.413413       0.358227   -6.50866e-18
 -0.411411       0.359542    1.25709e-18
 -0.409409       0.360893   -1.03091e-17
 -0.407407        0.36228     1.7116e-17
 -0.405405       0.363704   -1.22764e-17
 -0.403403       0.365168    2.77624e-17
 -0.401401       0.366672    -2.6786e-18
 -0.399399       0.368218   -1.12717e-17
 -0.397397       0.369808   -3.23527e-18
 -0.395395       0.371445   -1.06752e-17
 -0.393393       0.373129   -6.84938e-18
 -0.391391       0.374864   -6.39791e-18
 -0.389389       0.376651    1.91562e-17
 -0.387387       0.378493   -2.02812e-18
 -0.385385       0.380391    -2.0311e-17
 -0.383383        0.38235    9.76021e-18
 -0.381381       0.384372   -2.00241e-17
 -0.379379       0.386459   -1.51996e-18
 -0.377377       0.388616   -7.71187e-18
 -0.375375       0.390845   -9.78849e-18
 -0.373373       0.393151   -3.78742e-18
 -0.371371       0.395537   -2.79191e-17
 -0.369369       0.398007    -1.4501e-17
 -0.367367       0.400567   -7.06544e-18
 -0.365365        0.40322    1.75555e-17
 -0.363363       0.405973    6.86277e-18
 -0.361361       0.408832   -9.76623e-18
 -0.359359       0.411802   -1.61552e-17
 -0.357357        0.41489    8.12912e-19
 -0.355355       0.418103    9.35797e-19
 -0.353353       0.421449     6.5147e-19
 -0.351351       0.424938   -2.77298e-17
 -0.349349       0.428578    1.12429e-17
 -0.347347       0.432379    4.44692e-18
 -0.345345       0.436354   -9.53884e-18
 -0.343343       0.440513    3.43975e-18
 -0.341341       0.444872   -2.72308e-17
 -0.339339       0.449444    1.00862e-17
 -0.337337       0.454246    1.28095e-17
 -0.335335       0.459298    1.25323e-18
 -0.333333       0.464619   -9.79303e-18
 -0.331331       0.470232   -1.64135e-17
 -0.329329       0.476163    3.06793e-17
 -0.327327       0.482442   -6.50146e-18
 -0.325325         0.4891   -1.49318e-17
 -0.323323       0.496175    1.93507e-17
 -0.321321       0.503709    1.34022e-17
 -0.319319       0.511751    2.01538e-17
 -0.317317       0.520357   -1.69339e-17
 -0.315315       0.529591   -6.98785e-18
 -0.313313       0.539529   -8.04427e-18
 -0.311311        0.55026    1.37314e-17
 -0.309309       0.561888   -3.43681e-17
 -0.307307        0.57454   -3.72304e-18
 -0.305305       0.588366     9.9838e-18
 -0.303303       0.603549    1.10625e-17
 -0.301301       0.620317   -4.31174e-18
 -0.299299       0.638952    -1.4315e-17
 -0.297297        0.65981   -5.97491e-18
 -0.295295       0.683354   -2.95195e-17
 -0.293293       0.710188    3.93281e-17
 -0.291291       0.741125   -2.26223e-17
 -0.289289       0.777289    1.17362e-17
 -0.287287       0.820284    2.86526e-17
 -0.285285       0.872496   -1.27278e-17
 -0.283283        0.93766   -1.08041e-17
 -0.281281        1.02203    5.52808e-18
 -0.279279        1.13709   -1.52013e-17
 -0.277277        1.30694    1.32756e-17
 -0.275275        1.59445   -5.84683e-19
 -0.273273        2.25307   -5.72337e-18
 -0.271271     0.00220325    2.56263e-23
 -0.269269    5.28444e-06    9.20309e-28
 -0.267267    1.88639e-06    9.12279e-30
 -0.265265    1.03014e-06    1.37726e-28
 -0.263263    6.70674e-07   -1.64245e-29
 -0.261261    4.81023e-07   -3.79936e-30
 -0.259259    3.66857e-07    3.44622e-31
 -0.257257    2.91933e-07   -1.19372e-29
 -0.255255    2.39665e-07   -4.87853e-30
 -0.253253    2.01503e-07   -9.12919e-30
 -0.251251    1.72639e-07    8.41099e-31
 -0.249249    1.50183e-07    4.60799e-30
 -0.247247    1.32308e-07    6.67742e-30
 -0.245245    1.17803e-07     7.3925e-30
 -0.243243    1.05842e-07    2.47652e-30
 -0.241241    9.58398e-08    4.20577e-31
 -0.239239    8.73756e-08    8.01119e-31
 -0.237237    8.01371e-08    1.12189e-31
 -0.235235    7.38893e-08     2.1135e-31
 -0.233233    6.84522e-08   -1.17535e-30
 -0.231231    6.36856e-08   -3.28309e-31
 -0.229229    5.94792e-08    1.98635e-31
 -0.227227    5.57449e-08    7.98525e-31
 -0.225225    5.24116e-08    5.00072e-31
 -0.223223    4.94216e-08    1.03524e-30
 -0.221221    4.67272e-08   -1.11096e-30
 -0.219219    4.42891e-08   -5.89537e-32
 -0.217217    4.20745e-08    4.07965e-31
 -0.215215    4.00557e-08   -3.93711e-31
 -0.213213    3.82092e-08    4.40899e-32
 -0.211211    3.65153e-08   -4.42226e-31
 -0.209209    3.49568e-08    2.23989e-31
 -0.207207    3.35191e-08    -7.3845e-32
 -0.205205    3.21895e-08    3.73431e-31
 -0.203203    3.09569e-08    5.61096e-31
 -0.201201    2.98119e-08    5.02437e-31
 -0.199199     2.8746e-08    -2.8393e-31
 -0.197197    2.77517e-08     4.0233e-31
 -0.195195    2.68225e-08    5.29373e-32
 -0.193193    2.59528e-08    4.43233e-31
 -0.191191    2.51372e-08     5.8022e-32
 -0.189189    2.43713e-08   -9.26265e-32
 -0.187187     2.3651e-08    3.25746e-31
 -0.185185    2.29726e-08     1.4454e-32
 -0.183183    2.23327e-08    -1.8884e-31
 -0.181181    2.17286e-08   -2.04819e-31
 -0.179179    2.11574e-08    2.07505e-31
 -0.177177    2.06168e-08     1.4773e-32
 -0.175175    2.01045e-08    3.19406e-31
 -0.173173    1.96186e-08    7.13332e-32
 -0.171171    1.91572e-08    -5.8017e-33
 -0.169169    1.87187e-08   -1.09144e-31
 -0.167167    1.83017e-08   -7.30534e-32
 -0.165165    1.79046e-08   -3.46815e-31
 -0.163163    1.75262e-08   -8.03576e-32
 -0.161161    1.71654e-08   -3.58745e-31
 -0.159159     1.6821e-08    2.13851e-32
 -0.157157    1.64922e-08    -1.0613e-31
 -0.155155    1.61779e-08   -1.57838e-31
 -0.153153    1.58774e-08   -1.28919e-31
 -0.151151    1.55898e-08    1.51142e-31
 -0.149149    1.53145e-08    -1.5445e-31
 -0.147147    1.50507e-08    1.53641e-31
 -0.145145    1.47979e-08   -5.72326e-32
 -0.143143    1.45554e-08    2.80988e-31
 -0.141141    1.43227e-08    7.70499e-32
 -0.139139    1.40993e-08    2.58559e-32
 -0.137137    1.38848e-08   -1.38944e-31
 -0.135135    1.36787e-08   -2.29506e-31
 -0.133133    1.34806e-08    5.93284e-32
 -0.131131    1.32902e-08    2.84436e-32
 -0.129129    1.31069e-08   -1.91971e-31
 -0.127127    1.29306e-08   -3.21337e-32
 -0.125125    1.27609e-08     1.0907e-31
 -0.123123    1.25976e-08   -3.30206e-32
 -0.121121    1.24402e-08    1.66197e-31
 -0.119119    1.22887e-08   -1.16702e-32
 -0.117117    1.21426e-08   -1.78732e-31
 -0.115115    1.20019e-08    6.20047e-32
 -0.113113    1.18662e-08    3.40038e-31
 -0.111111    1.17354e-08    1.01479e-31
 -0.109109    1.16093e-08    4.22117e-32
 -0.107107    1.14877e-08    -3.2777e-31
 -0.105105    1.13704e-08    1.42679e-31
 -0.103103    1.12572e-08    2.31748e-31
 -0.101101    1.11481e-08    4.53838e-32
-0.0990991    1.10428e-08    1.45776e-31
-0.0970971    1.09413e-08   -1.05193e-31
-0.0950951    1.08433e-08    2.28728e-31
-0.0930931    1.07488e-08   -6.31073e-33
-0.0910911    1.06576e-08   -8.78169e-32
-0.0890891    1.05697e-08     1.2381e-31
-0.0870871    1.04849e-08   -2.21604e-31
-0.0850851    1.04031e-08    -3.6024e-31
-0.0830831    1.03243e-08    9.78629e-32
-0.0810811    1.02483e-08   -1.24755e-32
-0.0790791    1.01751e-08   -6.92235e-32
-0.0770771    1.01045e-08    7.49736e-32
-0.0750751    1.00365e-08   -1.47869e-31
-0.0730731    9.97111e-09   -1.21576e-32
-0.0710711    9.90813e-09    3.39127e-32
-0.0690691    9.84755e-09    1.13617e-31
-0.0670671    9.78929e-09   -1.26679e-31
-0.0650651     9.7333e-09   -1.72534e-31
-0.0630631    9.67952e-09    3.30212e-31
-0.0610611    9.62789e-09   -3.32359e-31
-0.0590591    9.57838e-09   -1.61378e-31
-0.0570571    9.53092e-09   -1.51767e-31
-0.0550551    9.48547e-09   -1.74413e-31
-0.0530531    9.44199e-09    2.70235e-32
-0.0510511    9.40044e-09     1.8977e-32
 -0.049049    9.36078e-09   -3.19631e-31
 -0.047047    9.32297e-09     -3.151e-31
 -0.045045    9.28697e-09     -7.197e-32
 -0.043043    9.25276e-09   -1.24805e-31
 -0.041041     9.2203e-09    3.89232e-31
 -0.039039    9.18957e-09   -3.87894e-31
 -0.037037    9.16054e-09   -3.00295e-32
 -0.035035    9.13317e-09     3.7715e-31
 -0.033033    9.10745e-09   -1.56833e-31
 -0.031031    9.08336e-09    1.19347e-31
 -0.029029    9.06087e-09   -3.17446e-32
 -0.027027    9.03996e-09   -2.55839e-31
 -0.025025    9.02062e-09    2.73876e-32
 -0.023023    9.00283e-09    1.56163e-31
 -0.021021    8.98657e-09    1.36428e-30
 -0.019019    8.97184e-09   -1.02493e-30
 -0.017017    8.95861e-09   -4.41332e-31
 -0.015015    8.94688e-09    3.61637e-31
 -0.013013    8.93664e-09     1.2466e-30
 -0.011011    8.92788e-09    2.20969e-30
-0.00900901    8.92059e-09    1.65245e-30
-0.00700701    8.91476e-09   -2.31618e-31
-0.00500501    8.91039e-09    1.52925e-30
 -0.003003    8.90749e-09    2.55952e-30
 -0.001001    8.90603e-09   -1.75362e-30
  0.001001    8.90603e-09   -7.70736e-31
  0.003003    8.90749e-09    2.77631e-30
0.00500501    8.91039e-09    2.41332e-30
0.00700701    8.91476e-09     -1.124e-31
0.00900901    8.92059e-09    1.54202e-30
  0.011011    8.92788e-09   -6.81321e-31
  0.013013    8.93664e-09   -5.50882e-31
  0.015015    8.94688e-09   -7.50483e-31
  0.017017    8.95861e-09   -5.37683e-31
  0.019019    8.97184e-09   -2.92476e-31
  0.021021    8.98657e-09   -1.14288e-31
  0.023023    9.00283e-09    7.79253e-32
  0.025025    9.02062e-09   -6.15787e-31
  0.027027    9.03996e-09    2.67594e-31
  0.029029    9.06087e-09    1.21341e-31
  0.031031    9.08336e-09    7.05096e-31
  0.033033    9.10745e-09   -2.26143e-31
  0.035035    9.13317e-09   -4.96698e-31
  0.037037    9.16054e-09    1.29014e-32
  0.039039    9.18957e-09    2.56981e-31
  0.041041     9.2203e-09   -4.74917e-31
  0.043043    9.25276e-09    1.25846e-31
  0.045045    9.28697e-09   -9.23911e-32
  0.047047    9.32297e-09    2.37099e-31
  0.049049    9.36078e-09    2.67971e-31
 0.0510511    9.40044e-09   -1.90354e-31
 0.0530531    9.44199e-09      3.579e-31
 0.0550551    9.48547e-09     1.2462e-31
 0.0570571    9.53092e-09    1.47929e-31
 0.0590591    9.57838e-09     1.1541e-31
 0.0610611    9.62789e-09    2.63161e-31
 0.0630631    9.67952e-09   -7.78699e-32
 0.0650651     9.7333e-09     2.2146e-31
 0.0670671    9.78929e-09    2.21472e-31
 0.0690691    9.84755e-09    8.79095e-32
 0.0710711    9.90813e-09    2.57494e-31
 0.0730731    9.97111e-09    -2.4344e-31
 0.0750751    1.00365e-08    3.22358e-33
 0.0770771    1.01045e-08   -1.77985e-31
 0.0790791    1.01751e-08    3.39685e-31
 0.0810811    1.02483e-08    2.22827e-31
 0.0830831    1.03243e-08    1.79897e-31
 0.0850851    1.04031e-08    6.24549e-31
 0.0870871    1.04849e-08    2.23817e-31
 0.0890891    1.05697e-08   -2.25374e-32
 0.0910911    1.06576e-08   -4.87667e-32
 0.0930931    1.07488e-08    9.48263e-32
 0.0950951    1.08433e-08    1.04054e-31
 0.0970971    1.09413e-08    1.06178e-31
 0.0990991    1.10428e-08   -1.45378e-31
  0.101101    1.11481e-08   -1.32941e-31
  0.103103    1.12572e-08   -1.28183e-31
  0.105105    1.13704e-08   -1.09118e-31
  0.107107    1.14877e-08   -7.01692e-32
  0.109109    1.16093e-08    2.40534e-32
  0.111111    1.17354e-08    4.49058e-32
  0.113113    1.18662e-08    1.13231e-31
  0.115115    1.20019e-08   -3.02549e-31
  0.117117    1.21426e-08   -2.86211e-32
  0.119119    1.22887e-08    2.02933e-31
  0.121121    1.24402e-08   -1.77859e-32
  0.123123    1.25976e-08    7.18593e-32
  0.125125    1.27609e-08    1.60578e-31
  0.127127    1.29306e-08    1.61042e-31
  0.129129    1.31069e-08    1.79531e-32
  0.131131    1.32902e-08    1.74869e-31
  0.133133    1.34806e-08   -3.86812e-33
  0.135135    1.36787e-08    1.51661e-31
  0.137137    1.38848e-08    1.47049e-31
  0.139139    1.40993e-08    -3.3446e-31
  0.141141    1.43227e-08   -3.00883e-31
  0.143143    1.45554e-08   -1.98715e-31
  0.145145    1.47979e-08   -2.44788e-31
  0.147147    1.50507e-08   -1.26364e-31
  0.149149    1.53145e-08   -1.17536e-32
  0.151151    1.55898e-08    -2.7076e-32
  0.153153    1.58774e-08   -1.76318e-32
  0.155155    1.61779e-08    1.34849e-31
  0.157157    1.64922e-08   -1.21184e-31
  0.159159     1.6821e-08    9.81803e-33
  0.161161    1.71654e-08    1.35403e-31
  0.163163    1.75262e-08     8.3648e-32
  0.165165    1.79046e-08     -3.079e-32
  0.167167    1.83017e-08    6.12751e-32
  0.169169    1.87187e-08   -1.38131e-31
  0.171171    1.91572e-08    3.70573e-31
  0.173173    1.96186e-08    1.40631e-32
  0.175175    2.01045e-08   -1.90084e-31
  0.177177    2.06168e-08    1.78511e-31
  0.179179    2.11574e-08   -3.77779e-31
  0.181181    2.17286e-08    2.19009e-32
  0.183183    2.23327e-08   -3.57175e-32
  0.185185    2.29726e-08    4.96005e-31
  0.187187     2.3651e-08    5.54383e-33
  0.189189    2.43713e-08    4.93879e-31
  0.191191    2.51372e-08   -5.66114e-31
  0.193193    2.59528e-08   -1.06085e-32
  0.195195    2.68225e-08   -3.61561e-32
  0.197197    2.77517e-08   -4.77748e-33
  0.199199     2.8746e-08   -6.34591e-31
  0.201201    2.98119e-08   -2.86401e-31
  0.203203    3.09569e-08    4.44668e-31
  0.205205    3.21895e-08    2.56934e-31
  0.207207    3.35191e-08    1.60794e-32
  0.209209    3.49568e-08    2.22745e-31
  0.211211    3.65153e-08    6.28524e-32
  0.213213    3.82092e-08   -9.53874e-31
  0.215215    4.00557e-08   -9.17462e-31
  0.217217    4.20745e-08    2.19748e-31
  0.219219    4.42891e-08    9.20607e-31
  0.221221    4.67272e-08   -4.83927e-32
  0.223223    4.94216e-08   -7.05057e-32
  0.225225    5.24116e-08   -3.52061e-31
  0.227227    5.57449e-08   -3.92558e-31
  0.229229    5.94792e-08    6.30879e-31
  0.231231    6.36856e-08   -3.69276e-32
  0.233233    6.84522e-08    2.57837e-30
  0.235235    7.38893e-08   -6.73588e-31
  0.237237    8.01371e-08    3.54541e-30
  0.239239    8.73756e-08   -3.22984e-30
  0.241241    9.58398e-08    -1.3607e-30
  0.243243    1.05842e-07   -3.84503e-30
  0.245245    1.17803e-07   -2.01267e-30
  0.247247    1.32308e-07   -1.46785e-30
  0.249249    1.50183e-07   -4.15641e-30
  0.251251    1.72639e-07   -1.42687e-30
  0.253253    2.01503e-07    4.46553e-30
  0.255255    2.39665e-07    1.03728e-29
  0.257257    2.91933e-07   -2.79843e-30
  0.259259    3.66857e-07    1.36718e-29
  0.261261    4.81023e-07    2.50642e-29
  0.263263    6.70674e-07      1.499e-29
  0.265265    1.03014e-06   -3.12581e-29
  0.267267    1.88639e-06   -4.82039e-28
  0.269269    5.28444e-06   -7.43991e-28
  0.271271     0.00220325    1.88748e-23
  0.273273        2.25307    9.32189e-19
  0.275275        1.59445   -1.06617e-17
  0.277277        1.30694    8.54643e-18
  0.279279        1.13709    1.52013e-17
  0.281281        1.02203   -6.11099e-18
  0.283283        0.93766   -1.53713e-17
  0.285285       0.872496    5.65044e-18
  0.287287       0.820284   -1.80602e-17
  0.289289       0.777289    3.57268e-17
  0.291291       0.741125    2.26223e-17
  0.293293       0.710188   -5.06591e-18
  0.295295       0.683354    9.70734e-18
  0.297297        0.65981    8.35059e-18
  0.299299       0.638952   -3.64714e-18
  0.301301       0.620317    4.22586e-18
  0.303303       0.603549   -1.45064e-17
  0.305305       0.588366    2.13527e-17
  0.307307        0.57454    -1.2959e-17
  0.309309       0.561888    4.26143e-18
  0.311311        0.55026   -1.48406e-17
  0.313313       0.539529   -4.05522e-18
  0.315315       0.529591    -1.6609e-17
  0.317317       0.520357   -1.55252e-17
  0.319319       0.511751    3.41684e-17
  0.321321       0.503709   -1.34022e-17
  0.323323       0.496175   -2.37622e-17
  0.325325         0.4891   -2.30212e-17
  0.327327       0.482442    6.50146e-18
  0.329329       0.476163    5.59034e-18
  0.331331       0.470232    -1.1437e-17
  0.333333       0.464619   -3.58084e-18
  0.335335       0.459298   -5.12545e-18
  0.337337       0.454246    -9.6885e-18
  0.339339       0.449444    4.35404e-17
  0.341341       0.444872    3.27922e-17
  0.343343       0.440513    2.02594e-17
  0.345345       0.436354    2.70477e-17
  0.347347       0.432379    -3.5436e-19
  0.349349       0.428578     1.1377e-17
  0.351351       0.424938   -1.30433e-17
  0.353353       0.421449    5.31248e-18
  0.355355       0.418103    -5.5833e-19
  0.357357        0.41489    1.28586e-17
  0.359359       0.411802   -2.00584e-17
  0.361361       0.408832    9.76623e-18
  0.363363       0.405973      2.859e-18
  0.365365        0.40322   -7.57822e-18
  0.367367       0.400567   -1.23851e-17
  0.369369       0.398007    2.84537e-17
  0.371371       0.395537    2.79191e-17
  0.373373       0.393151    -1.6206e-17
  0.375375       0.390845    8.87458e-18
  0.377377       0.388616   -2.83112e-17
  0.379379       0.386459    1.53418e-17
  0.381381       0.384372    2.00241e-17
  0.383383        0.38235    9.82563e-18
  0.385385       0.380391    1.44479e-17
  0.387387       0.378493   -1.47351e-17
  0.389389       0.376651   -1.59571e-19
  0.391391       0.374864    6.39791e-18
  0.393393       0.373129   -6.47253e-18
  0.395395       0.371445    3.46773e-18
  0.397397       0.369808    2.83273e-18
  0.399399       0.368218   -6.22167e-18
  0.401401       0.366672    7.74242e-18
  0.403403       0.365168    1.30147e-17
  0.405405       0.363704   -1.10268e-18
  0.407407        0.36228    1.11653e-17
  0.409409       0.360893   -8.50478e-18
  0.411411       0.359542   -8.48471e-18
  0.413413       0.358227   -1.29055e-17
  0.415415       0.356944   -6.99412e-18
  0.417417       0.355694   -2.04728e-17
  0.419419       0.354475    4.90257e-19
  0.421421       0.353286   -2.07189e-18
  0.423423       0.352125     5.7828e-18
  0.425425       0.350993   -1.48236e-17
  0.427427       0.349887   -1.21351e-17
  0.429429       0.348808      4.375e-18
  0.431431       0.347754   -9.12811e-18
  0.433433       0.346724   -8.84791e-18
  0.435435       0.345717   -2.16077e-19
  0.437437       0.344733    2.60936e-18
  0.439439       0.343771   -2.21551e-17
  0.441441       0.342831   -1.13294e-18
  0.443443       0.341911   -1.28269e-17
  0.445445       0.341011    2.02384e-17
  0.447447        0.34013    2.65964e-17
  0.449449       0.339269    7.67434e-19
  0.451451       0.338425   -1.05615e-17
  0.453453       0.337599     1.8399e-17
  0.455455        0.33679    9.67174e-18
  0.457457       0.335998    9.61879e-18
  0.459459       0.335222   -1.95867e-17
  0.461461       0.334462    1.50802e-17
  0.463463       0.333717    3.59112e-18
  0.465465       0.332987    5.03518e-18
  0.467467       0.332271    1.19023e-17
  0.469469       0.331569    3.82414e-18
  0.471471       0.330881   -2.14372e-18
  0.473473       0.330206   -2.42913e-19
  0.475475       0.329544    1.61381e-17
  0.477477       0.328895    3.79182e-18
  0.479479       0.328257   -3.16249e-18
  0.481481       0.327632   -5.31542e-18
  0.483483       0.327018    3.95714e-18
  0.485485       0.326416    -1.1074e-17
  0.487487       0.325824    1.68327e-17
  0.489489       0.325243   -2.95684e-18
  0.491491       0.324673   -1.75668e-18
  0.493493       0.324113   -8.55396e-18
  0.495495       0.323563    -9.6104e-18
  0.497497       0.323022    3.80447e-18
  0.499499       0.322491    3.58849e-18
  0.501502        0.32197     7.8193e-18
  0.503504       0.321457   -1.45491e-18
  0.505506       0.320953    5.23819e-18
  0.507508       0.320458    1.69902e-18
   0.50951       0.319971   -7.38978e-18
  0.511512       0.319492    3.73303e-18
  0.513514       0.319021   -1.23165e-17
  0.515516       0.318558    2.82144e-17
  0.517518       0.318103    2.11362e-18
   0.51952       0.317655    2.17548e-17
  0.521522       0.317215   -1.21748e-19
  0.523524       0.316782    2.10472e-18
  0.525526       0.316355    4.81904e-18
  0.527528       0.315936   -6.77806e-18
   0.52953       0.315523   -4.40314e-18
  0.531532       0.315117   -4.22727e-18
  0.533534       0.314717    1.73126e-18
  0.535536       0.314324   -3.65145e-18
  0.537538       0.313936   -5.45884e-18
   0.53954       0.313555    6.69566e-18
  0.541542       0.313179   -6.17871e-19
  0.543544        0.31281    5.89058e-18
  0.545546       0.312446    1.57644e-18
  0.547548       0.312087    8.57326e-18
   0.54955       0.311734    2.62896e-18
  0.551552       0.311386    4.21384e-18
  0.553554       0.311043   -7.46418e-18
  0.555556       0.310706    1.32255e-17
  0.557558       0.310373    9.13995e-18
   0.55956       0.310046   -4.32951e-18
  0.561562       0.309723   -1.36844e-17
  0.563564       0.309405   -8.71506e-19
  0.565566       0.309092   -4.77709e-18
  0.567568       0.308783   -1.84194e-18
   0.56957       0.308478   -6.40323e-18
  0.571572       0.308178    4.43431e-18
  0.573574       0.307882   -1.00369e-17
  0.575576       0.307591    4.81521e-18
  0.577578       0.307303    2.82432e-18
   0.57958        0.30702    1.03012e-17
  0.581582        0.30674   -8.84605e-19
  0.583584       0.306465   -2.52002e-18
  0.585586       0.306193   -1.40346e-17
  0.587588       0.305925    6.01894e-18
   0.58959       0.305661   -1.66189e-18
  0.591592         0.3054    3.39965e-18
  0.593594       0.305143   -4.46494e-18
  0.595596        0.30489     7.3056e-18
  0.597598       0.304639   -3.16072e-18
    0.5996       0.304393    5.76582e-18
  0.601602       0.304149   -3.54949e-18
  0.603604       0.303909    -3.1012e-18
  0.605606       0.303672    1.41701e-18
  0.607608       0.303439   -1.01745e-18
   0.60961       0.303208   -3.56168e-18
  0.611612        0.30298   -1.17949e-17
  0.613614       0.302756     6.5639e-18
  0.615616       0.302534     1.6438e-19
  0.617618       0.302315   -1.91218e-18
   0.61962       0.302099    1.28354e-17
  0.621622       0.301886   -5.94356e-18
  0.623624       0.301676    3.00837e-18
  0.625626       0.301468   -8.22181e-18
  0.627628       0.301264   -1.13389e-17
   0.62963       0.301061   -9.62935e-18
  0.631632       0.300862   -3.22166e-18
  0.633634       0.300664   -8.01552e-18
  0.635636        0.30047   -1.12708e-18
  0.637638       0.300278   -1.08507e-17
   0.63964       0.300088    1.44246e-18
  0.641642         0.2999    9.66877e-18
  0.643644       0.299715   -3.13346e-18
  0.645646       0.299533    8.95854e-19
  0.647648       0.299352   -2.02607e-18
   0.64965       0.299174    1.00265e-17
  0.651652       0.298998   -6.93373e-18
  0.653654       0.298825   -5.57488e-18
  0.655656       0.298653    7.62565e-19
  0.657658       0.298484   -1.59789e-18
   0.65966       0.298316    8.34305e-18
  0.661662       0.298151   -4.28874e-18
  0.663664       0.297987     1.0716e-17
  0.665666       0.297826    8.92406e-18
  0.667668       0.297667   -1.69181e-17
   0.66967       0.297509   -1.06656e-17
  0.671672       0.297354     -7.815e-19
  0.673674         0.2972    -4.0332e-18
  0.675676       0.297049   -6.84743e-19
  0.677678       0.296899    -1.1855e-18
   0.67968        0.29675    3.82287e-18
  0.681682       0.296604    3.64756e-18
  0.683684        0.29646    9.02852e-18
  0.685686       0.296317    8.72288e-18
  0.687688       0.296176   -6.06536e-18
   0.68969       0.296036   -1.26554e-17
  0.691692       0.295898    7.15909e-18
  0.693694       0.295762    1.13568e-17
  0.695696       0.295627   -7.05838e-18
  0.697698       0.295494    2.19817e-18
    0.6997       0.295363     3.1098e-18
  0.701702       0.295233   -8.32807e-18
  0.703704       0.295105   -1.88307e-18
  0.705706       0.294978   -3.06895e-18
  0.707708       0.294853   -6.57284e-18
   0.70971       0.294729    6.18334e-19
  0.711712       0.294606    7.13041e-19
  0.713714       0.294485   -1.80853e-18
  0.715716       0.294366   -2.28026e-18
  0.717718       0.294248    9.65885e-18
   0.71972       0.294131    1.01027e-18
  0.721722       0.294016   -1.10817e-17
  0.723724       0.293901    -5.8097e-18
  0.725726       0.293789    4.17083e-18
  0.727728       0.293677    1.33436e-17
   0.72973       0.293567   -7.67318e-18
  0.731732       0.293458   -1.30836e-18
  0.733734        0.29335   -5.96522e-18
  0.735736       0.293244   -1.71521e-18
  0.737738       0.293139   -3.98143e-18
   0.73974       0.293035    5.96408e-18
  0.741742       0.292932   -2.16742e-18
  0.743744       0.292831    5.83049e-18
  0.745746        0.29273    6.57485e-18
  0.747748       0.292631     1.1957e-17
   0.74975       0.292533   -5.67447e-18
  0.751752       0.292436    3.97277e-18
  0.753754        0.29234   -2.63694e-18
  0.755756       0.292245    7.57049e-18
  0.757758       0.292151    4.81519e-18
   0.75976       0.292059    6.21217e-19
  0.761762       0.291967   -7.41248e-18
  0.763764       0.291877    -7.9451e-18
  0.765766       0.291787    4.64817e-18
  0.767768       0.291699     -1.171e-18
   0.76977       0.291611   -3.02758e-18
  0.771772       0.291525    6.21605e-20
  0.773774       0.291439   -1.63122e-17
  0.775776       0.291355   -9.40499e-18
  0.777778       0.291272    4.77143e-18
   0.77978       0.291189   -3.32966e-18
  0.781782       0.291107    3.31509e-18
  0.783784       0.291027     9.7853e-19
  0.785786       0.290947   -7.44676e-18
  0.787788       0.290868    9.41499e-18
   0.78979        0.29079    4.14883e-18
  0.791792       0.290713    3.63359e-18
  0.793794       0.290637    3.30489e-18
  0.795796       0.290562    2.09639e-18
  0.797798       0.290487    5.74166e-18
    0.7998       0.290414    3.42105e-18
  0.801802       0.290341   -3.31272e-18
  0.803804       0.290269   -5.71425e-18
  0.805806       0.290198    4.05659e-18
  0.807808       0.290128   -6.01275e-18
   0.80981       0.290059   -5.39016e-18
  0.811812        0.28999   -8.86225e-18
  0.813814       0.289922    7.29206e-18
  0.815816       0.289855    5.47743e-18
  0.817818       0.289789    2.02037e-18
   0.81982       0.289724   -3.37835e-18
  0.821822       0.289659   -1.34519e-18
  0.823824       0.289595    1.79651e-17
  0.825826       0.289532    1.07753e-17
  0.827828       0.289469   -6.51917e-18
   0.82983       0.289407    7.66761e-19
  0.831832       0.289346   -7.73051e-18
  0.833834       0.289286    1.04744e-17
  0.835836       0.289227   -1.54378e-18
  0.837838       0.289168     1.6475e-18
   0.83984       0.289109   -6.43337e-19
  0.841842       0.289052    1.08174e-19
  0.843844       0.288995   -1.97242e-18
  0.845846       0.288939    4.58779e-18
  0.847848       0.288883    2.62643e-18
   0.84985       0.288829   -2.61471e-18
  0.851852       0.288774    1.04931e-17
  0.853854       0.288721    9.93919e-18
  0.855856       0.288668   -1.55058e-17
  0.857858       0.288616    9.47284e-18
   0.85986       0.288564      8.055e-18
  0.861862       0.288513    1.26809e-17
  0.863864       0.288463    5.43379e-18
  0.865866       0.288413    4.52778e-18
  0.867868       0.288364   -6.54841e-18
   0.86987       0.288315   -6.83084e-18
  0.871872       0.288267    1.06378e-17
  0.873874        0.28822   -6.87646e-18
  0.875876       0.288173   -1.17917e-17
  0.877878       0.288127   -1.24806e-17
   0.87988       0.288081   -9.72431e-18
  0.881882       0.288036    6.80064e-18
  0.883884       0.287992   -2.74089e-18
  0.885886       0.287948    3.90435e-18
  0.887888       0.287904    9.60664e-19
   0.88989       0.287861    2.96446e-18
  0.891892       0.287819    1.48719e-18
  0.893894       0.287777    1.09981e-17
  0.895896       0.287736     1.5324e-18
  0.897898       0.287695   -2.31401e-18
    0.8999       0.287655   -5.57047e-19
  0.901902       0.287616   -9.23683e-18
  0.903904       0.287576     2.2643e-18
  0.905906       0.287538    3.09334e-18
  0.907908         0.2875    9.15734e-18
   0.90991       0.287462    2.50512e-18
  0.911912       0.287425    6.65488e-18
  0.913914       0.287388   -2.63449e-18
  0.915916       0.287352    4.29303e-18
  0.917918       0.287316     7.7269e-19
   0.91992       0.287281   -4.73428e-18
  0.921922       0.287246    2.71499e-18
  0.923924       0.287212    1.06492e-18
  0.925926       0.287178    9.21165e-18
  0.927928       0.287145    6.10183e-18
   0.92993       0.287112    6.90933e-18
  0.931932        0.28708    1.05923e-17
  0.933934       0.287048   -6.25094e-19
  0.935936       0.287016     6.7246e-18
  0.937938       0.286985    5.85562e-18
   0.93994       0.286954   -3.73217e-18
  0.941942       0.286924    1.06552e-17
  0.943944       0.286895    8.57726e-18
  0.945946       0.286865    6.92988e-18
  0.947948       0.286836    3.10557e-18
   0.94995       0.286808    2.36004e-18
  0.951952        0.28678   -1.08525e-17
  0.953954       0.286752    1.34989e-19
  0.955956       0.286725   -9.86378e-18
  0.957958       0.286698   -9.62836e-18
   0.95996       0.286672   -4.03412e-18
  0.961962       0.286646   -3.23222e-18
  0.963964        0.28662    5.02465e-18
  0.965966       0.286595   -4.68547e-18
  0.967968        0.28657     1.4324e-18
   0.96997       0.286546   -1.30847e-18
  0.971972       0.286522    6.75377e-18
  0.973974       0.286498    1.46945e-17
  0.975976       0.286475   -4.40767e-19
  0.977978       0.286452    4.40732e-18
   0.97998       0.286429   -1.89672e-17
  0.981982       0.286407    7.13445e-19
  0.983984       0.286385    5.57335e-18
  0.985986       0.286364   -1.63849e-18
  0.987988       0.286343   -1.34961e-17
   0.98999       0.286322   -5.54827e-18
  0.991992       0.286302   -1.32982e-18
  0.993994       0.286282     5.8322e-18
  0.995996       0.286263    1.46503e-17
  0.997998       0.286243    3.17151e-18
         1       0.286224   -2.43979e-18
