E Sigma_s_r Sigma_s_i Sigma_d_r Sigma_d_i
        -1       -1.14147        -2.2242       -1.14147        -2.2242
 -0.997998       -1.14175       -2.22405       -1.14175       -2.22405
 -0.995996       -1.14204        -2.2239       -1.14204        -2.2239
 -0.993994       -1.14234       -2.22375       -1.14234       -2.22375
 -0.991992       -1.14264       -2.22359       -1.14264       -2.22359
  -0.98999       -1.14295       -2.22344       -1.14295       -2.22344
 -0.987988       -1.14326       -2.22328       -1.14326       -2.22328
 -0.985986       -1.14358       -2.22311       -1.14358       -2.22311
 -0.983984        -1.1439       -2.22295        -1.1439       -2.22295
 -0.981982       -1.14423       -2.22278       -1.14423       -2.22278
  -0.97998       -1.14456       -2.22261       -1.14456       -2.22261
 -0.977978        -1.1449       -2.22243        -1.1449       -2.22243
 -0.975976       -1.14524       -2.22225       -1.14524       -2.22225
 -0.973974       -1.14559       -2.22207       -1.14559       -2.22207
 -0.971972       -1.14595       -2.22189       -1.14595       -2.22189
  -0.96997       -1.14631        -2.2217       -1.14631        -2.2217
 -0.967968       -1.14668       -2.22152       -1.14668       -2.22152
 -0.965966       -1.14705       -2.22132       -1.14705       -2.22132
 -0.963964       -1.14743       -2.22113       -1.14743       -2.22113
 -0.961962       -1.14781       -2.22093       -1.14781       -2.22093
  -0.95996        -1.1482       -2.22073        -1.1482       -2.22073
 -0.957958        -1.1486       -2.22052        -1.1486       -2.22052
 -0.955956         -1.149       -2.22032         -1.149       -2.22032
 -0.953954       -1.14941        -2.2201       -1.14941        -2.2201
 -0.951952       -1.14982       -2.21989       -1.14982       -2.21989
  -0.94995       -1.15024       -2.21967       -1.15024       -2.21967
 -0.947948       -1.15066       -2.21945       -1.15066       -2.21945
 -0.945946       -1.15109       -2.21923       -1.15109       -2.21923
 -0.943944       -1.15153         -2.219       -1.15153         -2.219
 -0.941942       -1.15198       -2.21877       -1.15198       -2.21877
  -0.93994       -1.15242       -2.21854       -1.15242       -2.21854
 -0.937938       -1.15288        -2.2183       -1.15288        -2.2183
 -0.935936       -1.15334       -2.21806       -1.15334       -2.21806
 -0.933934       -1.15381       -2.21782       -1.15381       -2.21782
 -0.931932       -1.15428       -2.21757       -1.15428       -2.21757
  -0.92993       -1.15477       -2.21732       -1.15477       -2.21732
 -0.927928       -1.15525       -2.21707       -1.15525       -2.21707
 -0.925926       -1.15575       -2.21681       -1.15575       -2.21681
 -0.923924       -1.15625       -2.21655       -1.15625       -2.21655
 -0.921922       -1.15675       -2.21629       -1.15675       -2.21629
  -0.91992       -1.15727       -2.21602       -1.15727       -2.21602
 -0.917918       -1.15779       -2.21575       -1.15779       -2.21575
 -0.915916       -1.15831       -2.21547       -1.15831       -2.21547
 -0.913914       -1.15885       -2.21519       -1.15885       -2.21519
 -0.911912       -1.15939       -2.21491       -1.15939       -2.21491
  -0.90991       -1.15993       -2.21462       -1.15993       -2.21462
 -0.907908       -1.16049       -2.21433       -1.16049       -2.21433
 -0.905906       -1.16105       -2.21404       -1.16105       -2.21404
 -0.903904       -1.16161       -2.21374       -1.16161       -2.21374
 -0.901902       -1.16219       -2.21344       -1.16219       -2.21344
   -0.8999       -1.16277       -2.21313       -1.16277       -2.21313
 -0.897898       -1.16336       -2.21283       -1.16336       -2.21283
 -0.895896       -1.16395       -2.21251       -1.16395       -2.21251
 -0.893894       -1.16456        -2.2122       -1.16456        -2.2122
 -0.891892       -1.16517       -2.21187       -1.16517       -2.21187
  -0.88989       -1.16578       -2.21155       -1.16578       -2.21155
 -0.887888       -1.16641       -2.21122       -1.16641       -2.21122
 -0.885886       -1.16704       -2.21089       -1.16704       -2.21089
 -0.883884       -1.16768       -2.21055       -1.16768       -2.21055
 -0.881882       -1.16832       -2.21021       -1.16832       -2.21021
  -0.87988       -1.16898       -2.20986       -1.16898       -2.20986
 -0.877878       -1.16964       -2.20951       -1.16964       -2.20951
 -0.875876       -1.17031       -2.20916       -1.17031       -2.20916
 -0.873874       -1.17099        -2.2088       -1.17099        -2.2088
 -0.871872       -1.17167       -2.20844       -1.17167       -2.20844
  -0.86987       -1.17236       -2.20807       -1.17236       -2.20807
 -0.867868       -1.17306        -2.2077       -1.17306        -2.2077
 -0.865866       -1.17377       -2.20732       -1.17377       -2.20732
 -0.863864       -1.17449       -2.20694       -1.17449       -2.20694
 -0.861862       -1.17521       -2.20655       -1.17521       -2.20655
  -0.85986       -1.17594       -2.20616       -1.17594       -2.20616
 -0.857858       -1.17668       -2.20577       -1.17668       -2.20577
 -0.855856       -1.17743       -2.20537       -1.17743       -2.20537
 -0.853854       -1.17819       -2.20497       -1.17819       -2.20497
 -0.851852       -1.17895       -2.20456       -1.17895       -2.20456
  -0.84985       -1.17972       -2.20414       -1.17972       -2.20414
 -0.847848       -1.18051       -2.20373       -1.18051       -2.20373
 -0.845846        -1.1813        -2.2033        -1.1813        -2.2033
 -0.843844       -1.18209       -2.20287       -1.18209       -2.20287
 -0.841842        -1.1829       -2.20244        -1.1829       -2.20244
  -0.83984       -1.18372         -2.202       -1.18372         -2.202
 -0.837838       -1.18454       -2.20156       -1.18454       -2.20156
 -0.835836       -1.18537       -2.20111       -1.18537       -2.20111
 -0.833834       -1.18621       -2.20066       -1.18621       -2.20066
 -0.831832       -1.18707        -2.2002       -1.18707        -2.2002
  -0.82983       -1.18792       -2.19974       -1.18792       -2.19974
 -0.827828       -1.18879       -2.19927       -1.18879       -2.19927
 -0.825826       -1.18967       -2.19879       -1.18967       -2.19879
 -0.823824       -1.19056       -2.19831       -1.19056       -2.19831
 -0.821822       -1.19145       -2.19783       -1.19145       -2.19783
  -0.81982       -1.19236       -2.19734       -1.19236       -2.19734
 -0.817818       -1.19327       -2.19684       -1.19327       -2.19684
 -0.815816        -1.1942       -2.19634        -1.1942       -2.19634
 -0.813814       -1.19513       -2.19583       -1.19513       -2.19583
 -0.811812       -1.19607       -2.19532       -1.19607       -2.19532
  -0.80981       -1.19702        -2.1948       -1.19702        -2.1948
 -0.807808       -1.19799       -2.19427       -1.19799       -2.19427
 -0.805806       -1.19896       -2.19374       -1.19896       -2.19374
 -0.803804       -1.19994        -2.1932       -1.19994        -2.1932
 -0.801802       -1.20093       -2.19266       -1.20093       -2.19266
   -0.7998       -1.20193       -2.19211       -1.20193       -2.19211
 -0.797798       -1.20295       -2.19156       -1.20295       -2.19156
 -0.795796       -1.20397         -2.191       -1.20397         -2.191
 -0.793794         -1.205       -2.19043         -1.205       -2.19043
 -0.791792       -1.20604       -2.18985       -1.20604       -2.18985
  -0.78979       -1.20709       -2.18927       -1.20709       -2.18927
 -0.787788       -1.20816       -2.18869       -1.20816       -2.18869
 -0.785786       -1.20923        -2.1881       -1.20923        -2.1881
 -0.783784       -1.21031        -2.1875       -1.21031        -2.1875
 -0.781782       -1.21141       -2.18689       -1.21141       -2.18689
  -0.77978       -1.21252       -2.18628       -1.21252       -2.18628
 -0.777778       -1.21363       -2.18566       -1.21363       -2.18566
 -0.775776       -1.21476       -2.18503       -1.21476       -2.18503
 -0.773774        -1.2159        -2.1844        -1.2159        -2.1844
 -0.771772       -1.21705       -2.18376       -1.21705       -2.18376
  -0.76977       -1.21821       -2.18311       -1.21821       -2.18311
 -0.767768       -1.21938       -2.18246       -1.21938       -2.18246
 -0.765766       -1.22056       -2.18179       -1.22056       -2.18179
 -0.763764       -1.22176       -2.18113       -1.22176       -2.18113
 -0.761762       -1.22296       -2.18045       -1.22296       -2.18045
  -0.75976       -1.22418       -2.17977       -1.22418       -2.17977
 -0.757758       -1.22541       -2.17907       -1.22541       -2.17907
 -0.755756       -1.22665       -2.17838       -1.22665       -2.17838
 -0.753754       -1.22791       -2.17767       -1.22791       -2.17767
 -0.751752       -1.22917       -2.17696       -1.22917       -2.17696
  -0.74975       -1.23045       -2.17623       -1.23045       -2.17623
 -0.747748       -1.23174        -2.1755       -1.23174        -2.1755
 -0.745746       -1.23304       -2.17477       -1.23304       -2.17477
 -0.743744       -1.23436       -2.17402       -1.23436       -2.17402
 -0.741742       -1.23568       -2.17327       -1.23568       -2.17327
  -0.73974       -1.23702       -2.17251       -1.23702       -2.17251
 -0.737738       -1.23837       -2.17173       -1.23837       -2.17173
 -0.735736       -1.23974       -2.17096       -1.23974       -2.17096
 -0.733734       -1.24112       -2.17017       -1.24112       -2.17017
 -0.731732       -1.24251       -2.16937       -1.24251       -2.16937
  -0.72973       -1.24391       -2.16857       -1.24391       -2.16857
 -0.727728       -1.24533       -2.16775       -1.24533       -2.16775
 -0.725726       -1.24676       -2.16693       -1.24676       -2.16693
 -0.723724        -1.2482        -2.1661        -1.2482        -2.1661
 -0.721722       -1.24966       -2.16526       -1.24966       -2.16526
  -0.71972       -1.25113       -2.16441       -1.25113       -2.16441
 -0.717718       -1.25262       -2.16355       -1.25262       -2.16355
 -0.715716       -1.25412       -2.16268       -1.25412       -2.16268
 -0.713714       -1.25563        -2.1618       -1.25563        -2.1618
 -0.711712       -1.25716       -2.16092       -1.25716       -2.16092
  -0.70971        -1.2587       -2.16002        -1.2587       -2.16002
 -0.707708       -1.26025       -2.15911       -1.26025       -2.15911
 -0.705706       -1.26182       -2.15819       -1.26182       -2.15819
 -0.703704       -1.26341       -2.15727       -1.26341       -2.15727
 -0.701702       -1.26501       -2.15633       -1.26501       -2.15633
   -0.6997       -1.26662       -2.15538       -1.26662       -2.15538
 -0.697698       -1.26825       -2.15442       -1.26825       -2.15442
 -0.695696        -1.2699       -2.15345        -1.2699       -2.15345
 -0.693694       -1.27156       -2.15247       -1.27156       -2.15247
 -0.691692       -1.27323       -2.15148       -1.27323       -2.15148
  -0.68969       -1.27492       -2.15048       -1.27492       -2.15048
 -0.687688       -1.27663       -2.14947       -1.27663       -2.14947
 -0.685686       -1.27835       -2.14844       -1.27835       -2.14844
 -0.683684       -1.28009       -2.14741       -1.28009       -2.14741
 -0.681682       -1.28185       -2.14636       -1.28185       -2.14636
  -0.67968       -1.28362        -2.1453       -1.28362        -2.1453
 -0.677678        -1.2854       -2.14423        -1.2854       -2.14423
 -0.675676       -1.28721       -2.14315       -1.28721       -2.14315
 -0.673674       -1.28903       -2.14206       -1.28903       -2.14206
 -0.671672       -1.29087       -2.14095       -1.29087       -2.14095
  -0.66967       -1.29272       -2.13983       -1.29272       -2.13983
 -0.667668       -1.29459        -2.1387       -1.29459        -2.1387
 -0.665666       -1.29648       -2.13755       -1.29648       -2.13755
 -0.663664       -1.29839        -2.1364       -1.29839        -2.1364
 -0.661662       -1.30031       -2.13523       -1.30031       -2.13523
  -0.65966       -1.30225       -2.13404       -1.30225       -2.13404
 -0.657658       -1.30421       -2.13285       -1.30421       -2.13285
 -0.655656       -1.30619       -2.13164       -1.30619       -2.13164
 -0.653654       -1.30818       -2.13041       -1.30818       -2.13041
 -0.651652        -1.3102       -2.12918        -1.3102       -2.12918
  -0.64965       -1.31223       -2.12792       -1.31223       -2.12792
 -0.647648       -1.31428       -2.12666       -1.31428       -2.12666
 -0.645646       -1.31635       -2.12538       -1.31635       -2.12538
 -0.643644       -1.31844       -2.12408       -1.31844       -2.12408
 -0.641642       -1.32055       -2.12277       -1.32055       -2.12277
  -0.63964       -1.32268       -2.12144       -1.32268       -2.12144
 -0.637638       -1.32482        -2.1201       -1.32482        -2.1201
 -0.635636       -1.32699       -2.11875       -1.32699       -2.11875
 -0.633634       -1.32918       -2.11738       -1.32918       -2.11738
 -0.631632       -1.33139       -2.11599       -1.33139       -2.11599
  -0.62963       -1.33361       -2.11459       -1.33361       -2.11459
 -0.627628       -1.33586       -2.11317       -1.33586       -2.11317
 -0.625626       -1.33813       -2.11173       -1.33813       -2.11173
 -0.623624       -1.34042       -2.11028       -1.34042       -2.11028
 -0.621622       -1.34274       -2.10881       -1.34274       -2.10881
  -0.61962       -1.34507       -2.10732       -1.34507       -2.10732
 -0.617618       -1.34742       -2.10581       -1.34742       -2.10581
 -0.615616        -1.3498       -2.10429        -1.3498       -2.10429
 -0.613614        -1.3522       -2.10275        -1.3522       -2.10275
 -0.611612       -1.35462       -2.10119       -1.35462       -2.10119
  -0.60961       -1.35706       -2.09961       -1.35706       -2.09961
 -0.607608       -1.35953       -2.09802       -1.35953       -2.09802
 -0.605606       -1.36202        -2.0964       -1.36202        -2.0964
 -0.603604       -1.36453       -2.09477       -1.36453       -2.09477
 -0.601602       -1.36707       -2.09312       -1.36707       -2.09312
   -0.5996       -1.36962       -2.09144       -1.36962       -2.09144
 -0.597598       -1.37221       -2.08975       -1.37221       -2.08975
 -0.595596       -1.37481       -2.08803       -1.37481       -2.08803
 -0.593594       -1.37745        -2.0863       -1.37745        -2.0863
 -0.591592        -1.3801       -2.08454        -1.3801       -2.08454
  -0.58959       -1.38278       -2.08277       -1.38278       -2.08277
 -0.587588       -1.38549       -2.08097       -1.38549       -2.08097
 -0.585586       -1.38822       -2.07915       -1.38822       -2.07915
 -0.583584       -1.39098        -2.0773       -1.39098        -2.0773
 -0.581582       -1.39376       -2.07544       -1.39376       -2.07544
  -0.57958       -1.39657       -2.07355       -1.39657       -2.07355
 -0.577578        -1.3994       -2.07163        -1.3994       -2.07163
 -0.575576       -1.40227        -2.0697       -1.40227        -2.0697
 -0.573574       -1.40516       -2.06774       -1.40516       -2.06774
 -0.571572       -1.40807       -2.06575       -1.40807       -2.06575
  -0.56957       -1.41102       -2.06374       -1.41102       -2.06374
 -0.567568       -1.41399       -2.06171       -1.41399       -2.06171
 -0.565566       -1.41699       -2.05965       -1.41699       -2.05965
 -0.563564       -1.42001       -2.05756       -1.42001       -2.05756
 -0.561562       -1.42307       -2.05545       -1.42307       -2.05545
  -0.55956       -1.42616       -2.05331       -1.42616       -2.05331
 -0.557558       -1.42927       -2.05114       -1.42927       -2.05114
 -0.555556       -1.43242       -2.04895       -1.43242       -2.04895
 -0.553554       -1.43559       -2.04672       -1.43559       -2.04672
 -0.551552        -1.4388       -2.04447        -1.4388       -2.04447
  -0.54955       -1.44203       -2.04219       -1.44203       -2.04219
 -0.547548        -1.4453       -2.03988        -1.4453       -2.03988
 -0.545546        -1.4486       -2.03754        -1.4486       -2.03754
 -0.543544       -1.45193       -2.03517       -1.45193       -2.03517
 -0.541542       -1.45529       -2.03276       -1.45529       -2.03276
  -0.53954       -1.45868       -2.03033       -1.45868       -2.03033
 -0.537538       -1.46211       -2.02786       -1.46211       -2.02786
 -0.535536       -1.46557       -2.02536       -1.46557       -2.02536
 -0.533534       -1.46907       -2.02283       -1.46907       -2.02283
 -0.531532       -1.47259       -2.02027       -1.47259       -2.02027
  -0.52953       -1.47615       -2.01766       -1.47615       -2.01766
 -0.527528       -1.47975       -2.01503       -1.47975       -2.01503
 -0.525526       -1.48338       -2.01236       -1.48338       -2.01236
 -0.523524       -1.48705       -2.00965       -1.48705       -2.00965
 -0.521522       -1.49075        -2.0069       -1.49075        -2.0069
  -0.51952       -1.49449       -2.00412       -1.49449       -2.00412
 -0.517518       -1.49827        -2.0013       -1.49827        -2.0013
 -0.515516       -1.50208       -1.99844       -1.50208       -1.99844
 -0.513514       -1.50593       -1.99554       -1.50593       -1.99554
 -0.511512       -1.50982        -1.9926       -1.50982        -1.9926
  -0.50951       -1.51374       -1.98962       -1.51374       -1.98962
 -0.507508       -1.51771        -1.9866       -1.51771        -1.9866
 -0.505506       -1.52171       -1.98353       -1.52171       -1.98353
 -0.503504       -1.52576       -1.98042       -1.52576       -1.98042
 -0.501502       -1.52984       -1.97727       -1.52984       -1.97727
 -0.499499       -1.53397       -1.97407       -1.53397       -1.97407
 -0.497497       -1.53814       -1.97082       -1.53814       -1.97082
 -0.495495       -1.54234       -1.96753       -1.54234       -1.96753
 -0.493493       -1.54659       -1.96419       -1.54659       -1.96419
 -0.491491       -1.55089        -1.9608       -1.55089        -1.9608
 -0.489489       -1.55523       -1.95736       -1.55523       -1.95736
 -0.487487       -1.55961       -1.95388       -1.55961       -1.95388
 -0.485485       -1.56403       -1.95033       -1.56403       -1.95033
 -0.483483        -1.5685       -1.94674        -1.5685       -1.94674
 -0.481481       -1.57302       -1.94309       -1.57302       -1.94309
 -0.479479       -1.57758       -1.93939       -1.57758       -1.93939
 -0.477477       -1.58219       -1.93564       -1.58219       -1.93564
 -0.475475       -1.58684       -1.93182       -1.58684       -1.93182
 -0.473473       -1.59155       -1.92795       -1.59155       -1.92795
 -0.471471        -1.5963       -1.92401        -1.5963       -1.92401
 -0.469469        -1.6011       -1.92002        -1.6011       -1.92002
 -0.467467       -1.60595       -1.91597       -1.60595       -1.91597
 -0.465465       -1.61085       -1.91185       -1.61085       -1.91185
 -0.463463        -1.6158       -1.90766        -1.6158       -1.90766
 -0.461461       -1.62081       -1.90341       -1.62081       -1.90341
 -0.459459       -1.62586        -1.8991       -1.62586        -1.8991
 -0.457457       -1.63097       -1.89471       -1.63097       -1.89471
 -0.455455       -1.63613       -1.89026       -1.63613       -1.89026
 -0.453453       -1.64135       -1.88573       -1.64135       -1.88573
 -0.451451       -1.64662       -1.88112       -1.64662       -1.88112
 -0.449449       -1.65195       -1.87645       -1.65195       -1.87645
 -0.447447       -1.65734       -1.87169       -1.65734       -1.87169
 -0.445445       -1.66278       -1.86686       -1.66278       -1.86686
 -0.443443       -1.66828       -1.86195       -1.66828       -1.86195
 -0.441441       -1.67384       -1.85695       -1.67384       -1.85695
 -0.439439       -1.67946       -1.85187       -1.67946       -1.85187
 -0.437437       -1.68514        -1.8467       -1.68514        -1.8467
 -0.435435       -1.69088       -1.84145       -1.69088       -1.84145
 -0.433433       -1.69668        -1.8361       -1.69668        -1.8361
 -0.431431       -1.70255       -1.83066       -1.70255       -1.83066
 -0.429429       -1.70848       -1.82513       -1.70848       -1.82513
 -0.427427       -1.71447        -1.8195       -1.71447        -1.8195
 -0.425425       -1.72054       -1.81377       -1.72054       -1.81377
 -0.423423       -1.72666       -1.80794       -1.72666       -1.80794
 -0.421421       -1.73286         -1.802       -1.73286         -1.802
 -0.419419       -1.73913       -1.79595       -1.73913       -1.79595
 -0.417417       -1.74546        -1.7898       -1.74546        -1.7898
 -0.415415       -1.75186       -1.78353       -1.75186       -1.78353
 -0.413413       -1.75834       -1.77714       -1.75834       -1.77714
 -0.411411       -1.76489       -1.77064       -1.76489       -1.77064
 -0.409409       -1.77151       -1.76401       -1.77151       -1.76401
 -0.407407       -1.77821       -1.75726       -1.77821       -1.75726
 -0.405405       -1.78499       -1.75038       -1.78499       -1.75038
 -0.403403       -1.79184       -1.74336       -1.79184       -1.74336
 -0.401401       -1.79877       -1.73621       -1.79877       -1.73621
 -0.399399       -1.80578       -1.72892       -1.80578       -1.72892
 -0.397397       -1.81287       -1.72149       -1.81287       -1.72149
 -0.395395       -1.82004        -1.7139       -1.82004        -1.7139
 -0.393393       -1.82729       -1.70616       -1.82729       -1.70616
 -0.391391       -1.83463       -1.69827       -1.83463       -1.69827
 -0.389389       -1.84206       -1.69021       -1.84206       -1.69021
 -0.387387       -1.84957       -1.68199       -1.84957       -1.68199
 -0.385385       -1.85717       -1.67359       -1.85717       -1.67359
 -0.383383       -1.86486       -1.66502       -1.86486       -1.66502
 -0.381381       -1.87265       -1.65626       -1.87265       -1.65626
 -0.379379       -1.88052       -1.64731       -1.88052       -1.64731
 -0.377377       -1.88849       -1.63817       -1.88849       -1.63817
 -0.375375       -1.89655       -1.62883       -1.89655       -1.62883
 -0.373373       -1.90472       -1.61928       -1.90472       -1.61928
 -0.371371       -1.91298       -1.60951       -1.91298       -1.60951
 -0.369369       -1.92134       -1.59952       -1.92134       -1.59952
 -0.367367        -1.9298        -1.5893        -1.9298        -1.5893
 -0.365365       -1.93837       -1.57884       -1.93837       -1.57884
 -0.363363       -1.94704       -1.56813       -1.94704       -1.56813
 -0.361361       -1.95582       -1.55717       -1.95582       -1.55717
 -0.359359       -1.96471       -1.54594       -1.96471       -1.54594
 -0.357357       -1.97371       -1.53443       -1.97371       -1.53443
 -0.355355       -1.98282       -1.52264       -1.98282       -1.52264
 -0.353353       -1.99205       -1.51055       -1.99205       -1.51055
 -0.351351       -2.00139       -1.49815       -2.00139       -1.49815
 -0.349349       -2.01085       -1.48542       -2.01085       -1.48542
 -0.347347       -2.02043       -1.47236       -2.02043       -1.47236
 -0.345345       -2.03014       -1.45895       -2.03014       -1.45895
 -0.343343       -2.03997       -1.44518       -2.03997       -1.44518
 -0.341341       -2.04992       -1.43102       -2.04992       -1.43102
 -0.339339       -2.06001       -1.41646       -2.06001       -1.41646
 -0.337337       -2.07023       -1.40149       -2.07023       -1.40149
 -0.335335       -2.08058       -1.38607       -2.08058       -1.38607
 -0.333333       -2.09107        -1.3702       -2.09107        -1.3702
 -0.331331       -2.10169       -1.35384       -2.10169       -1.35384
 -0.329329       -2.11246       -1.33698       -2.11246       -1.33698
 -0.327327       -2.12337       -1.31958       -2.12337       -1.31958
 -0.325325       -2.13443       -1.30161       -2.13443       -1.30161
 -0.323323       -2.14564       -1.28305       -2.14564       -1.28305
 -0.321321         -2.157       -1.26386         -2.157       -1.26386
 -0.319319       -2.16852         -1.244       -2.16852         -1.244
 -0.317317       -2.18019       -1.22343       -2.18019       -1.22343
 -0.315315       -2.19202        -1.2021       -2.19202        -1.2021
 -0.313313       -2.20402       -1.17995       -2.20402       -1.17995
 -0.311311       -2.21619       -1.15694       -2.21619       -1.15694
 -0.309309       -2.22852         -1.133       -2.22852         -1.133
 -0.307307       -2.24103       -1.10805       -2.24103       -1.10805
 -0.305305       -2.25372       -1.08201       -2.25372       -1.08201
 -0.303303       -2.26659       -1.05479       -2.26659       -1.05479
 -0.301301       -2.27964       -1.02628       -2.27964       -1.02628
 -0.299299       -2.29288      -0.996351       -2.29288      -0.996351
 -0.297297       -2.30631      -0.964853       -2.30631      -0.964853
 -0.295295       -2.31994       -0.93161       -2.31994       -0.93161
 -0.293293       -2.33376       -0.89641       -2.33376       -0.89641
 -0.291291       -2.34779      -0.858991       -2.34779      -0.858991
 -0.289289       -2.36203      -0.819026       -2.36203      -0.819026
 -0.287287       -2.37648      -0.776097       -2.37648      -0.776097
 -0.285285       -2.39115      -0.729654       -2.39115      -0.729654
 -0.283283       -2.40604      -0.678945       -2.40604      -0.678945
 -0.281281       -2.42116      -0.622897       -2.42116      -0.622897
 -0.279279        -2.4365      -0.559867        -2.4365      -0.559867
 -0.277277       -2.45209      -0.487106       -2.45209      -0.487106
 -0.275275       -2.46791      -0.399272       -2.46791      -0.399272
 -0.273273       -2.48398      -0.282557       -2.48398      -0.282557
 -0.271271       -2.53926   -5.35539e-06       -2.53926   -5.35539e-06
 -0.269269       -2.80792   -8.05321e-07       -2.80792   -8.05321e-07
 -0.267267       -2.94576   -6.06268e-07       -2.94576   -6.06268e-07
 -0.265265       -3.05758   -5.19885e-07       -3.05758   -5.19885e-07
 -0.263263       -3.15627   -4.69935e-07       -3.15627   -4.69935e-07
 -0.261261       -3.24686   -4.37086e-07       -3.24686   -4.37086e-07
 -0.259259       -3.33192   -4.13867e-07       -3.33192   -4.13867e-07
 -0.257257       -3.41298   -3.96705e-07       -3.41298   -3.96705e-07
 -0.255255       -3.49103   -3.83651e-07       -3.49103   -3.83651e-07
 -0.253253       -3.56679   -3.73542e-07       -3.56679   -3.73542e-07
 -0.251251       -3.64075   -3.65633e-07       -3.64075   -3.65633e-07
 -0.249249        -3.7133   -3.59426e-07        -3.7133   -3.59426e-07
 -0.247247       -3.78475   -3.54573e-07       -3.78475   -3.54573e-07
 -0.245245       -3.85534   -3.50823e-07       -3.85534   -3.50823e-07
 -0.243243       -3.92528   -3.47989e-07       -3.92528   -3.47989e-07
 -0.241241       -3.99473   -3.45932e-07       -3.99473   -3.45932e-07
 -0.239239       -4.06384   -3.44542e-07       -4.06384   -3.44542e-07
 -0.237237       -4.13272   -3.43735e-07       -4.13272   -3.43735e-07
 -0.235235        -4.2015   -3.43444e-07        -4.2015   -3.43444e-07
 -0.233233       -4.27027   -3.43615e-07       -4.27027   -3.43615e-07
 -0.231231       -4.33911   -3.44205e-07       -4.33911   -3.44205e-07
 -0.229229       -4.40811   -3.45178e-07       -4.40811   -3.45178e-07
 -0.227227       -4.47735   -3.46507e-07       -4.47735   -3.46507e-07
 -0.225225       -4.54688   -3.48167e-07       -4.54688   -3.48167e-07
 -0.223223       -4.61677   -3.50139e-07       -4.61677   -3.50139e-07
 -0.221221       -4.68709   -3.52408e-07       -4.68709   -3.52408e-07
 -0.219219        -4.7579   -3.54961e-07        -4.7579   -3.54961e-07
 -0.217217       -4.82924   -3.57789e-07       -4.82924   -3.57789e-07
 -0.215215       -4.90117   -3.60882e-07       -4.90117   -3.60882e-07
 -0.213213       -4.97375   -3.64234e-07       -4.97375   -3.64234e-07
 -0.211211       -5.04703   -3.67842e-07       -5.04703   -3.67842e-07
 -0.209209       -5.12105   -3.71702e-07       -5.12105   -3.71702e-07
 -0.207207       -5.19588   -3.75812e-07       -5.19588   -3.75812e-07
 -0.205205       -5.27155   -3.80172e-07       -5.27155   -3.80172e-07
 -0.203203       -5.34811   -3.84781e-07       -5.34811   -3.84781e-07
 -0.201201       -5.42563   -3.89642e-07       -5.42563   -3.89642e-07
 -0.199199       -5.50414   -3.94755e-07       -5.50414   -3.94755e-07
 -0.197197       -5.58371   -4.00126e-07       -5.58371   -4.00126e-07
 -0.195195       -5.66437   -4.05757e-07       -5.66437   -4.05757e-07
 -0.193193       -5.74619   -4.11653e-07       -5.74619   -4.11653e-07
 -0.191191       -5.82922   -4.17819e-07       -5.82922   -4.17819e-07
 -0.189189        -5.9135   -4.24263e-07        -5.9135   -4.24263e-07
 -0.187187       -5.99911   -4.30991e-07       -5.99911   -4.30991e-07
 -0.185185       -6.08609   -4.38011e-07       -6.08609   -4.38011e-07
 -0.183183       -6.17451   -4.45331e-07       -6.17451   -4.45331e-07
 -0.181181       -6.26442   -4.52961e-07       -6.26442   -4.52961e-07
 -0.179179        -6.3559   -4.60912e-07        -6.3559   -4.60912e-07
 -0.177177       -6.44899   -4.69194e-07       -6.44899   -4.69194e-07
 -0.175175       -6.54378    -4.7782e-07       -6.54378    -4.7782e-07
 -0.173173       -6.64034   -4.86802e-07       -6.64034   -4.86802e-07
 -0.171171       -6.73873   -4.96155e-07       -6.73873   -4.96155e-07
 -0.169169       -6.83902   -5.05893e-07       -6.83902   -5.05893e-07
 -0.167167       -6.94131   -5.16033e-07       -6.94131   -5.16033e-07
 -0.165165       -7.04567   -5.26591e-07       -7.04567   -5.26591e-07
 -0.163163       -7.15219   -5.37586e-07       -7.15219   -5.37586e-07
 -0.161161       -7.26095   -5.49037e-07       -7.26095   -5.49037e-07
 -0.159159       -7.37205   -5.60967e-07       -7.37205   -5.60967e-07
 -0.157157        -7.4856   -5.73396e-07        -7.4856   -5.73396e-07
 -0.155155       -7.60168   -5.86351e-07       -7.60168   -5.86351e-07
 -0.153153       -7.72041   -5.99855e-07       -7.72041   -5.99855e-07
 -0.151151        -7.8419   -6.13937e-07        -7.8419   -6.13937e-07
 -0.149149       -7.96627   -6.28627e-07       -7.96627   -6.28627e-07
 -0.147147       -8.09364   -6.43956e-07       -8.09364   -6.43956e-07
 -0.145145       -8.22415   -6.59958e-07       -8.22415   -6.59958e-07
 -0.143143       -8.35794    -6.7667e-07       -8.35794    -6.7667e-07
 -0.141141       -8.49514   -6.94131e-07       -8.49514   -6.94131e-07
 -0.139139       -8.63592   -7.12382e-07       -8.63592   -7.12382e-07
 -0.137137       -8.78044    -7.3147e-07       -8.78044    -7.3147e-07
 -0.135135       -8.92886   -7.51443e-07       -8.92886   -7.51443e-07
 -0.133133       -9.08138   -7.72354e-07       -9.08138   -7.72354e-07
 -0.131131       -9.23818   -7.94258e-07       -9.23818   -7.94258e-07
 -0.129129       -9.39947   -8.17217e-07       -9.39947   -8.17217e-07
 -0.127127       -9.56547   -8.41297e-07       -9.56547   -8.41297e-07
 -0.125125        -9.7364   -8.66569e-07        -9.7364   -8.66569e-07
 -0.123123       -9.91253    -8.9311e-07       -9.91253    -8.9311e-07
 -0.121121       -10.0941   -9.21003e-07       -10.0941   -9.21003e-07
 -0.119119       -10.2814   -9.50341e-07       -10.2814   -9.50341e-07
 -0.117117       -10.4747    -9.8122e-07       -10.4747    -9.8122e-07
 -0.115115       -10.6744   -1.01375e-06       -10.6744   -1.01375e-06
 -0.113113       -10.8807   -1.04804e-06       -10.8807   -1.04804e-06
 -0.111111       -11.0941   -1.08423e-06       -11.0941   -1.08423e-06
 -0.109109        -11.315   -1.12246e-06        -11.315   -1.12246e-06
 -0.107107       -11.5437   -1.16286e-06       -11.5437   -1.16286e-06
 -0.105105       -11.7808   -1.20562e-06       -11.7808   -1.20562e-06
 -0.103103       -12.0266   -1.25092e-06       -12.0266   -1.25092e-06
 -0.101101       -12.2818   -1.29896e-06       -12.2818   -1.29896e-06
-0.0990991       -12.5469   -1.34996e-06       -12.5469   -1.34996e-06
-0.0970971       -12.8226   -1.40417e-06       -12.8226   -1.40417e-06
-0.0950951       -13.1094   -1.46185e-06       -13.1094   -1.46185e-06
-0.0930931       -13.4081   -1.52332e-06       -13.4081   -1.52332e-06
-0.0910911       -13.7196   -1.58891e-06       -13.7196   -1.58891e-06
-0.0890891       -14.0446   -1.65899e-06       -14.0446   -1.65899e-06
-0.0870871       -14.3842   -1.73397e-06       -14.3842   -1.73397e-06
-0.0850851       -14.7393   -1.81433e-06       -14.7393   -1.81433e-06
-0.0830831        -15.111   -1.90059e-06        -15.111   -1.90059e-06
-0.0810811       -15.5007   -1.99333e-06       -15.5007   -1.99333e-06
-0.0790791       -15.9097   -2.09323e-06       -15.9097   -2.09323e-06
-0.0770771       -16.3394   -2.20103e-06       -16.3394   -2.20103e-06
-0.0750751       -16.7915   -2.31758e-06       -16.7915   -2.31758e-06
-0.0730731        -17.268   -2.44387e-06        -17.268   -2.44387e-06
-0.0710711       -17.7708   -2.58099e-06       -17.7708   -2.58099e-06
-0.0690691       -18.3022   -2.73023e-06       -18.3022   -2.73023e-06
-0.0670671       -18.8649   -2.89304e-06       -18.8649   -2.89304e-06
-0.0650651       -19.4616   -3.07114e-06       -19.4616   -3.07114e-06
-0.0630631       -20.0957   -3.26648e-06       -20.0957   -3.26648e-06
-0.0610611       -20.7708   -3.48136e-06       -20.7708   -3.48136e-06
-0.0590591       -21.4911   -3.71848e-06       -21.4911   -3.71848e-06
-0.0570571       -22.2614   -3.98102e-06       -22.2614   -3.98102e-06
-0.0550551       -23.0871   -4.27272e-06       -23.0871   -4.27272e-06
-0.0530531       -23.9744   -4.59809e-06       -23.9744   -4.59809e-06
-0.0510511       -24.9307    -4.9625e-06       -24.9307    -4.9625e-06
 -0.049049       -25.9645   -5.37245e-06       -25.9645   -5.37245e-06
 -0.047047       -27.0854   -5.83586e-06       -27.0854   -5.83586e-06
 -0.045045       -28.3054   -6.36244e-06       -28.3054   -6.36244e-06
 -0.043043        -29.638    -6.9642e-06        -29.638    -6.9642e-06
 -0.041041       -31.0998   -7.65618e-06       -31.0998   -7.65618e-06
 -0.039039       -32.7108   -8.45734e-06       -32.7108   -8.45734e-06
 -0.037037        -34.495   -9.39191e-06        -34.495   -9.39191e-06
 -0.035035       -36.4823   -1.04913e-05       -36.4823   -1.04913e-05
 -0.033033       -38.7095   -1.17965e-05       -38.7095   -1.17965e-05
 -0.031031        -41.223   -1.33624e-05        -41.223   -1.33624e-05
 -0.029029       -44.0821   -1.52634e-05       -44.0821   -1.52634e-05
 -0.027027       -47.3636   -1.76024e-05       -47.3636   -1.76024e-05
 -0.025025       -51.1689   -2.05249e-05       -51.1689   -2.05249e-05
 -0.023023       -55.6346   -2.42425e-05       -55.6346   -2.42425e-05
 -0.021021       -60.9494   -2.90722e-05       -60.9494   -2.90722e-05
 -0.019019       -67.3815   -3.55061e-05       -67.3815   -3.55061e-05
 -0.017017       -75.3252   -4.43422e-05       -75.3252   -4.43422e-05
 -0.015015       -85.3852   -5.69441e-05       -85.3852   -5.69441e-05
 -0.013013        -98.538   -7.58002e-05        -98.538   -7.58002e-05
 -0.011011       -116.471   -0.000105854       -116.471   -0.000105854
-0.00900901       -142.371   -0.000158109       -142.371   -0.000158109
-0.00700701       -183.066   -0.000261338       -183.066   -0.000261338
-0.00500501       -256.311   -0.000512186       -256.311   -0.000512186
 -0.003003       -427.205    -0.00142267       -427.205    -0.00142267
 -0.001001       -1281.65     -0.0128037       -1281.65     -0.0128037
  0.001001        1281.65     -0.0128037        1281.65     -0.0128037
  0.003003        427.205    -0.00142267        427.205    -0.00142267
0.00500501        256.311   -0.000512186        256.311   -0.000512186
0.00700701        183.066   -0.000261338        183.066   -0.000261338
0.00900901        142.371   -0.000158109        142.371   -0.000158109
  0.011011        116.471   -0.000105854        116.471   -0.000105854
  0.013013         98.538   -7.58002e-05         98.538   -7.58002e-05
  0.015015        85.3852   -5.69441e-05        85.3852   -5.69441e-05
  0.017017        75.3252   -4.43422e-05        75.3252   -4.43422e-05
  0.019019        67.3815   -3.55061e-05        67.3815   -3.55061e-05
  0.021021        60.9494   -2.90722e-05        60.9494   -2.90722e-05
  0.023023        55.6346   -2.42425e-05        55.6346   -2.42425e-05
  0.025025        51.1689   -2.05249e-05        51.1689   -2.05249e-05
  0.027027        47.3636   -1.76024e-05        47.3636   -1.76024e-05
  0.029029        44.0821   -1.52634e-05        44.0821   -1.52634e-05
  0.031031         41.223   -1.33624e-05         41.223   -1.33624e-05
  0.033033        38.7095   -1.17965e-05        38.7095   -1.17965e-05
  0.035035        36.4823   -1.04913e-05        36.4823   -1.04913e-05
  0.037037         34.495   -9.39191e-06         34.495   -9.39191e-06
  0.039039        32.7108   -8.45734e-06        32.7108   -8.45734e-06
  0.041041        31.0998   -7.65618e-06        31.0998   -7.65618e-06
  0.043043         29.638    -6.9642e-06         29.638    -6.9642e-06
  0.045045        28.3054   -6.36244e-06        28.3054   -6.36244e-06
  0.047047        27.0854   -5.83586e-06        27.0854   -5.83586e-06
  0.049049        25.9645   -5.37245e-06        25.9645   -5.37245e-06
 0.0510511        24.9307    -4.9625e-06        24.9307    -4.9625e-06
 0.0530531        23.9744   -4.59809e-06        23.9744   -4.59809e-06
 0.0550551        23.0871   -4.27272e-06        23.0871   -4.27272e-06
 0.0570571        22.2614   -3.98102e-06        22.2614   -3.98102e-06
 0.0590591        21.4911   -3.71848e-06        21.4911   -3.71848e-06
 0.0610611        20.7708   -3.48136e-06        20.7708   -3.48136e-06
 0.0630631        20.0957   -3.26648e-06        20.0957   -3.26648e-06
 0.0650651        19.4616   -3.07114e-06        19.4616   -3.07114e-06
 0.0670671        18.8649   -2.89304e-06        18.8649   -2.89304e-06
 0.0690691        18.3022   -2.73023e-06        18.3022   -2.73023e-06
 0.0710711        17.7708   -2.58099e-06        17.7708   -2.58099e-06
 0.0730731         17.268   -2.44387e-06         17.268   -2.44387e-06
 0.0750751        16.7915   -2.31758e-06        16.7915   -2.31758e-06
 0.0770771        16.3394   -2.20103e-06        16.3394   -2.20103e-06
 0.0790791        15.9097   -2.09323e-06        15.9097   -2.09323e-06
 0.0810811        15.5007   -1.99333e-06        15.5007   -1.99333e-06
 0.0830831         15.111   -1.90059e-06         15.111   -1.90059e-06
 0.0850851        14.7393   -1.81433e-06        14.7393   -1.81433e-06
 0.0870871        14.3842   -1.73397e-06        14.3842   -1.73397e-06
 0.0890891        14.0446   -1.65899e-06        14.0446   -1.65899e-06
 0.0910911        13.7196   -1.58891e-06        13.7196   -1.58891e-06
 0.0930931        13.4081   -1.52332e-06        13.4081   -1.52332e-06
 0.0950951        13.1094   -1.46185e-06        13.1094   -1.46185e-06
 0.0970971        12.8226   -1.40417e-06        12.8226   -1.40417e-06
 0.0990991        12.5469   -1.34996e-06        12.5469   -1.34996e-06
  0.101101        12.2818   -1.29896e-06        12.2818   -1.29896e-06
  0.103103        12.0266   -1.25092e-06        12.0266   -1.25092e-06
  0.105105        11.7808   -1.20562e-06        11.7808   -1.20562e-06
  0.107107        11.5437   -1.16286e-06        11.5437   -1.16286e-06
  0.109109         11.315   -1.12246e-06         11.315   -1.12246e-06
  0.111111        11.0941   -1.08423e-06        11.0941   -1.08423e-06
  0.113113        10.8807   -1.04804e-06        10.8807   -1.04804e-06
  0.115115        10.6744   -1.01375e-06        10.6744   -1.01375e-06
  0.117117        10.4747    -9.8122e-07        10.4747    -9.8122e-07
  0.119119        10.2814   -9.50341e-07        10.2814   -9.50341e-07
  0.121121        10.0941   -9.21003e-07        10.0941   -9.21003e-07
  0.123123        9.91253    -8.9311e-07        9.91253    -8.9311e-07
  0.125125         9.7364   -8.66569e-07         9.7364   -8.66569e-07
  0.127127        9.56547   -8.41297e-07        9.56547   -8.41297e-07
  0.129129        9.39947   -8.17217e-07        9.39947   -8.17217e-07
  0.131131        9.23818   -7.94258e-07        9.23818   -7.94258e-07
  0.133133        9.08138   -7.72354e-07        9.08138   -7.72354e-07
  0.135135        8.92886   -7.51443e-07        8.92886   -7.51443e-07
  0.137137        8.78044    -7.3147e-07        8.78044    -7.3147e-07
  0.139139        8.63592   -7.12382e-07        8.63592   -7.12382e-07
  0.141141        8.49514   -6.94131e-07        8.49514   -6.94131e-07
  0.143143        8.35794    -6.7667e-07        8.35794    -6.7667e-07
  0.145145        8.22415   -6.59958e-07        8.22415   -6.59958e-07
  0.147147        8.09364   -6.43956e-07        8.09364   -6.43956e-07
  0.149149        7.96627   -6.28627e-07        7.96627   -6.28627e-07
  0.151151         7.8419   -6.13937e-07         7.8419   -6.13937e-07
  0.153153        7.72041   -5.99855e-07        7.72041   -5.99855e-07
  0.155155        7.60168   -5.86351e-07        7.60168   -5.86351e-07
  0.157157         7.4856   -5.73396e-07         7.4856   -5.73396e-07
  0.159159        7.37205   -5.60967e-07        7.37205   -5.60967e-07
  0.161161        7.26095   -5.49037e-07        7.26095   -5.49037e-07
  0.163163        7.15219   -5.37586e-07        7.15219   -5.37586e-07
  0.165165        7.04567   -5.26591e-07        7.04567   -5.26591e-07
  0.167167        6.94131   -5.16033e-07        6.94131   -5.16033e-07
  0.169169        6.83902   -5.05893e-07        6.83902   -5.05893e-07
  0.171171        6.73873   -4.96155e-07        6.73873   -4.96155e-07
  0.173173        6.64034   -4.86802e-07        6.64034   -4.86802e-07
  0.175175        6.54378    -4.7782e-07        6.54378    -4.7782e-07
  0.177177        6.44899   -4.69194e-07        6.44899   -4.69194e-07
  0.179179         6.3559   -4.60912e-07         6.3559   -4.60912e-07
  0.181181        6.26442   -4.52961e-07        6.26442   -4.52961e-07
  0.183183        6.17451   -4.45331e-07        6.17451   -4.45331e-07
  0.185185        6.08609   -4.38011e-07        6.08609   -4.38011e-07
  0.187187        5.99911   -4.30991e-07        5.99911   -4.30991e-07
  0.189189         5.9135   -4.24263e-07         5.9135   -4.24263e-07
  0.191191        5.82922   -4.17819e-07        5.82922   -4.17819e-07
  0.193193        5.74619   -4.11653e-07        5.74619   -4.11653e-07
  0.195195        5.66437   -4.05757e-07        5.66437   -4.05757e-07
  0.197197        5.58371   -4.00126e-07        5.58371   -4.00126e-07
  0.199199        5.50414   -3.94755e-07        5.50414   -3.94755e-07
  0.201201        5.42563   -3.89642e-07        5.42563   -3.89642e-07
  0.203203        5.34811   -3.84781e-07        5.34811   -3.84781e-07
  0.205205        5.27155   -3.80172e-07        5.27155   -3.80172e-07
  0.207207        5.19588   -3.75812e-07        5.19588   -3.75812e-07
  0.209209        5.12105   -3.71702e-07        5.12105   -3.71702e-07
  0.211211        5.04703   -3.67842e-07        5.04703   -3.67842e-07
  0.213213        4.97375   -3.64234e-07        4.97375   -3.64234e-07
  0.215215        4.90117   -3.60882e-07        4.90117   -3.60882e-07
  0.217217        4.82924   -3.57789e-07        4.82924   -3.57789e-07
  0.219219         4.7579   -3.54961e-07         4.7579   -3.54961e-07
  0.221221        4.68709   -3.52408e-07        4.68709   -3.52408e-07
  0.223223        4.61677   -3.50139e-07        4.61677   -3.50139e-07
  0.225225        4.54688   -3.48167e-07        4.54688   -3.48167e-07
  0.227227        4.47735   -3.46507e-07        4.47735   -3.46507e-07
  0.229229        4.40811   -3.45178e-07        4.40811   -3.45178e-07
  0.231231        4.33911   -3.44205e-07        4.33911   -3.44205e-07
  0.233233        4.27027   -3.43615e-07        4.27027   -3.43615e-07
  0.235235         4.2015   -3.43444e-07         4.2015   -3.43444e-07
  0.237237        4.13272   -3.43735e-07        4.13272   -3.43735e-07
  0.239239        4.06384   -3.44542e-07        4.06384   -3.44542e-07
  0.241241        3.99473   -3.45932e-07        3.99473   -3.45932e-07
  0.243243        3.92528   -3.47989e-07        3.92528   -3.47989e-07
  0.245245        3.85534   -3.50823e-07        3.85534   -3.50823e-07
  0.247247        3.78475   -3.54573e-07        3.78475   -3.54573e-07
  0.249249         3.7133   -3.59426e-07         3.7133   -3.59426e-07
  0.251251        3.64075   -3.65633e-07        3.64075   -3.65633e-07
  0.253253        3.56679   -3.73542e-07        3.56679   -3.73542e-07
  0.255255        3.49103   -3.83651e-07        3.49103   -3.83651e-07
  0.257257        3.41298   -3.96705e-07        3.41298   -3.96705e-07
  0.259259        3.33192   -4.13867e-07        3.33192   -4.13867e-07
  0.261261        3.24686   -4.37086e-07        3.24686   -4.37086e-07
  0.263263        3.15627   -4.69935e-07        3.15627   -4.69935e-07
  0.265265        3.05758   -5.19885e-07        3.05758   -5.19885e-07
  0.267267        2.94576   -6.06268e-07        2.94576   -6.06268e-07
  0.269269        2.80792   -8.05321e-07        2.80792   -8.05321e-07
  0.271271        2.53926   -5.35539e-06        2.53926   -5.35539e-06
  0.273273        2.48398      -0.282557        2.48398      -0.282557
  0.275275        2.46791      -0.399272        2.46791      -0.399272
  0.277277        2.45209      -0.487106        2.45209      -0.487106
  0.279279         2.4365      -0.559867         2.4365      -0.559867
  0.281281        2.42116      -0.622897        2.42116      -0.622897
  0.283283        2.40604      -0.678945        2.40604      -0.678945
  0.285285        2.39115      -0.729654        2.39115      -0.729654
  0.287287        2.37648      -0.776097        2.37648      -0.776097
  0.289289        2.36203      -0.819026        2.36203      -0.819026
  0.291291        2.34779      -0.858991        2.34779      -0.858991
  0.293293        2.33376       -0.89641        2.33376       -0.89641
  0.295295        2.31994       -0.93161        2.31994       -0.93161
  0.297297        2.30631      -0.964853        2.30631      -0.964853
  0.299299        2.29288      -0.996351        2.29288      -0.996351
  0.301301        2.27964       -1.02628        2.27964       -1.02628
  0.303303        2.26659       -1.05479        2.26659       -1.05479
  0.305305        2.25372       -1.08201        2.25372       -1.08201
  0.307307        2.24103       -1.10805        2.24103       -1.10805
  0.309309        2.22852         -1.133        2.22852         -1.133
  0.311311        2.21619       -1.15694        2.21619       -1.15694
  0.313313        2.20402       -1.17995        2.20402       -1.17995
  0.315315        2.19202        -1.2021        2.19202        -1.2021
  0.317317        2.18019       -1.22343        2.18019       -1.22343
  0.319319        2.16852         -1.244        2.16852         -1.244
  0.321321          2.157       -1.26386          2.157       -1.26386
  0.323323        2.14564       -1.28305        2.14564       -1.28305
  0.325325        2.13443       -1.30161        2.13443       -1.30161
  0.327327        2.12337       -1.31958        2.12337       -1.31958
  0.329329        2.11246       -1.33698        2.11246       -1.33698
  0.331331        2.10169       -1.35384        2.10169       -1.35384
  0.333333        2.09107        -1.3702        2.09107        -1.3702
  0.335335        2.08058       -1.38607        2.08058       -1.38607
  0.337337        2.07023       -1.40149        2.07023       -1.40149
  0.339339        2.06001       -1.41646        2.06001       -1.41646
  0.341341        2.04992       -1.43102        2.04992       -1.43102
  0.343343        2.03997       -1.44518        2.03997       -1.44518
  0.345345        2.03014       -1.45895        2.03014       -1.45895
  0.347347        2.02043       -1.47236        2.02043       -1.47236
  0.349349        2.01085       -1.48542        2.01085       -1.48542
  0.351351        2.00139       -1.49815        2.00139       -1.49815
  0.353353        1.99205       -1.51055        1.99205       -1.51055
  0.355355        1.98282       -1.52264        1.98282       -1.52264
  0.357357        1.97371       -1.53443        1.97371       -1.53443
  0.359359        1.96471       -1.54594        1.96471       -1.54594
  0.361361        1.95582       -1.55717        1.95582       -1.55717
  0.363363        1.94704       -1.56813        1.94704       -1.56813
  0.365365        1.93837       -1.57884        1.93837       -1.57884
  0.367367         1.9298        -1.5893         1.9298        -1.5893
  0.369369        1.92134       -1.59952        1.92134       -1.59952
  0.371371        1.91298       -1.60951        1.91298       -1.60951
  0.373373        1.90472       -1.61928        1.90472       -1.61928
  0.375375        1.89655       -1.62883        1.89655       -1.62883
  0.377377        1.88849       -1.63817        1.88849       -1.63817
  0.379379        1.88052       -1.64731        1.88052       -1.64731
  0.381381        1.87265       -1.65626        1.87265       -1.65626
  0.383383        1.86486       -1.66502        1.86486       -1.66502
  0.385385        1.85717       -1.67359        1.85717       -1.67359
  0.387387        1.84957       -1.68199        1.84957       -1.68199
  0.389389        1.84206       -1.69021        1.84206       -1.69021
  0.391391        1.83463       -1.69827        1.83463       -1.69827
  0.393393        1.82729       -1.70616        1.82729       -1.70616
  0.395395        1.82004        -1.7139        1.82004        -1.7139
  0.397397        1.81287       -1.72149        1.81287       -1.72149
  0.399399        1.80578       -1.72892        1.80578       -1.72892
  0.401401        1.79877       -1.73621        1.79877       -1.73621
  0.403403        1.79184       -1.74336        1.79184       -1.74336
  0.405405        1.78499       -1.75038        1.78499       -1.75038
  0.407407        1.77821       -1.75726        1.77821       -1.75726
  0.409409        1.77151       -1.76401        1.77151       -1.76401
  0.411411        1.76489       -1.77064        1.76489       -1.77064
  0.413413        1.75834       -1.77714        1.75834       -1.77714
  0.415415        1.75186       -1.78353        1.75186       -1.78353
  0.417417        1.74546        -1.7898        1.74546        -1.7898
  0.419419        1.73913       -1.79595        1.73913       -1.79595
  0.421421        1.73286         -1.802        1.73286         -1.802
  0.423423        1.72666       -1.80794        1.72666       -1.80794
  0.425425        1.72054       -1.81377        1.72054       -1.81377
  0.427427        1.71447        -1.8195        1.71447        -1.8195
  0.429429        1.70848       -1.82513        1.70848       -1.82513
  0.431431        1.70255       -1.83066        1.70255       -1.83066
  0.433433        1.69668        -1.8361        1.69668        -1.8361
  0.435435        1.69088       -1.84145        1.69088       -1.84145
  0.437437        1.68514        -1.8467        1.68514        -1.8467
  0.439439        1.67946       -1.85187        1.67946       -1.85187
  0.441441        1.67384       -1.85695        1.67384       -1.85695
  0.443443        1.66828       -1.86195        1.66828       -1.86195
  0.445445        1.66278       -1.86686        1.66278       -1.86686
  0.447447        1.65734       -1.87169        1.65734       -1.87169
  0.449449        1.65195       -1.87645        1.65195       -1.87645
  0.451451        1.64662       -1.88112        1.64662       -1.88112
  0.453453        1.64135       -1.88573        1.64135       -1.88573
  0.455455        1.63613       -1.89026        1.63613       -1.89026
  0.457457        1.63097       -1.89471        1.63097       -1.89471
  0.459459        1.62586        -1.8991        1.62586        -1.8991
  0.461461        1.62081       -1.90341        1.62081       -1.90341
  0.463463         1.6158       -1.90766         1.6158       -1.90766
  0.465465        1.61085       -1.91185        1.61085       -1.91185
  0.467467        1.60595       -1.91597        1.60595       -1.91597
  0.469469         1.6011       -1.92002         1.6011       -1.92002
  0.471471         1.5963       -1.92401         1.5963       -1.92401
  0.473473        1.59155       -1.92795        1.59155       -1.92795
  0.475475        1.58684       -1.93182        1.58684       -1.93182
  0.477477        1.58219       -1.93564        1.58219       -1.93564
  0.479479        1.57758       -1.93939        1.57758       -1.93939
  0.481481        1.57302       -1.94309        1.57302       -1.94309
  0.483483         1.5685       -1.94674         1.5685       -1.94674
  0.485485        1.56403       -1.95033        1.56403       -1.95033
  0.487487        1.55961       -1.95388        1.55961       -1.95388
  0.489489        1.55523       -1.95736        1.55523       -1.95736
  0.491491        1.55089        -1.9608        1.55089        -1.9608
  0.493493        1.54659       -1.96419        1.54659       -1.96419
  0.495495        1.54234       -1.96753        1.54234       -1.96753
  0.497497        1.53814       -1.97082        1.53814       -1.97082
  0.499499        1.53397       -1.97407        1.53397       -1.97407
  0.501502        1.52984       -1.97727        1.52984       -1.97727
  0.503504        1.52576       -1.98042        1.52576       -1.98042
  0.505506        1.52171       -1.98353        1.52171       -1.98353
  0.507508        1.51771        -1.9866        1.51771        -1.9866
   0.50951        1.51374       -1.98962        1.51374       -1.98962
  0.511512        1.50982        -1.9926        1.50982        -1.9926
  0.513514        1.50593       -1.99554        1.50593       -1.99554
  0.515516        1.50208       -1.99844        1.50208       -1.99844
  0.517518        1.49827        -2.0013        1.49827        -2.0013
   0.51952        1.49449       -2.00412        1.49449       -2.00412
  0.521522        1.49075        -2.0069        1.49075        -2.0069
  0.523524        1.48705       -2.00965        1.48705       -2.00965
  0.525526        1.48338       -2.01236        1.48338       -2.01236
  0.527528        1.47975       -2.01503        1.47975       -2.01503
   0.52953        1.47615       -2.01766        1.47615       -2.01766
  0.531532        1.47259       -2.02027        1.47259       -2.02027
  0.533534        1.46907       -2.02283        1.46907       -2.02283
  0.535536        1.46557       -2.02536        1.46557       -2.02536
  0.537538        1.46211       -2.02786        1.46211       -2.02786
   0.53954        1.45868       -2.03033        1.45868       -2.03033
  0.541542        1.45529       -2.03276        1.45529       -2.03276
  0.543544        1.45193       -2.03517        1.45193       -2.03517
  0.545546         1.4486       -2.03754         1.4486       -2.03754
  0.547548         1.4453       -2.03988         1.4453       -2.03988
   0.54955        1.44203       -2.04219        1.44203       -2.04219
  0.551552         1.4388       -2.04447         1.4388       -2.04447
  0.553554        1.43559       -2.04672        1.43559       -2.04672
  0.555556        1.43242       -2.04895        1.43242       -2.04895
  0.557558        1.42927       -2.05114        1.42927       -2.05114
   0.55956        1.42616       -2.05331        1.42616       -2.05331
  0.561562        1.42307       -2.05545        1.42307       -2.05545
  0.563564        1.42001       -2.05756        1.42001       -2.05756
  0.565566        1.41699       -2.05965        1.41699       -2.05965
  0.567568        1.41399       -2.06171        1.41399       -2.06171
   0.56957        1.41102       -2.06374        1.41102       -2.06374
  0.571572        1.40807       -2.06575        1.40807       -2.06575
  0.573574        1.40516       -2.06774        1.40516       -2.06774
  0.575576        1.40227        -2.0697        1.40227        -2.0697
  0.577578         1.3994       -2.07163         1.3994       -2.07163
   0.57958        1.39657       -2.07355        1.39657       -2.07355
  0.581582        1.39376       -2.07544        1.39376       -2.07544
  0.583584        1.39098        -2.0773        1.39098        -2.0773
  0.585586        1.38822       -2.07915        1.38822       -2.07915
  0.587588        1.38549       -2.08097        1.38549       -2.08097
   0.58959        1.38278       -2.08277        1.38278       -2.08277
  0.591592         1.3801       -2.08454         1.3801       -2.08454
  0.593594        1.37745        -2.0863        1.37745        -2.0863
  0.595596        1.37481       -2.08803        1.37481       -2.08803
  0.597598        1.37221       -2.08975        1.37221       -2.08975
    0.5996        1.36962       -2.09144        1.36962       -2.09144
  0.601602        1.36707       -2.09312        1.36707       -2.09312
  0.603604        1.36453       -2.09477        1.36453       -2.09477
  0.605606        1.36202        -2.0964        1.36202        -2.0964
  0.607608        1.35953       -2.09802        1.35953       -2.09802
   0.60961        1.35706       -2.09961        1.35706       -2.09961
  0.611612        1.35462       -2.10119        1.35462       -2.10119
  0.613614         1.3522       -2.10275         1.3522       -2.10275
  0.615616         1.3498       -2.10429         1.3498       -2.10429
  0.617618        1.34742       -2.10581        1.34742       -2.10581
   0.61962        1.34507       -2.10732        1.34507       -2.10732
  0.621622        1.34274       -2.10881        1.34274       -2.10881
  0.623624        1.34042       -2.11028        1.34042       -2.11028
  0.625626        1.33813       -2.11173        1.33813       -2.11173
  0.627628        1.33586       -2.11317        1.33586       -2.11317
   0.62963        1.33361       -2.11459        1.33361       -2.11459
  0.631632        1.33139       -2.11599        1.33139       -2.11599
  0.633634        1.32918       -2.11738        1.32918       -2.11738
  0.635636        1.32699       -2.11875        1.32699       -2.11875
  0.637638        1.32482        -2.1201        1.32482        -2.1201
   0.63964        1.32268       -2.12144        1.32268       -2.12144
  0.641642        1.32055       -2.12277        1.32055       -2.12277
  0.643644        1.31844       -2.12408        1.31844       -2.12408
  0.645646        1.31635       -2.12538        1.31635       -2.12538
  0.647648        1.31428       -2.12666        1.31428       -2.12666
   0.64965        1.31223       -2.12792        1.31223       -2.12792
  0.651652         1.3102       -2.12918         1.3102       -2.12918
  0.653654        1.30818       -2.13041        1.30818       -2.13041
  0.655656        1.30619       -2.13164        1.30619       -2.13164
  0.657658        1.30421       -2.13285        1.30421       -2.13285
   0.65966        1.30225       -2.13404        1.30225       -2.13404
  0.661662        1.30031       -2.13523        1.30031       -2.13523
  0.663664        1.29839        -2.1364        1.29839        -2.1364
  0.665666        1.29648       -2.13755        1.29648       -2.13755
  0.667668        1.29459        -2.1387        1.29459        -2.1387
   0.66967        1.29272       -2.13983        1.29272       -2.13983
  0.671672        1.29087       -2.14095        1.29087       -2.14095
  0.673674        1.28903       -2.14206        1.28903       -2.14206
  0.675676        1.28721       -2.14315        1.28721       -2.14315
  0.677678         1.2854       -2.14423         1.2854       -2.14423
   0.67968        1.28362        -2.1453        1.28362        -2.1453
  0.681682        1.28185       -2.14636        1.28185       -2.14636
  0.683684        1.28009       -2.14741        1.28009       -2.14741
  0.685686        1.27835       -2.14844        1.27835       -2.14844
  0.687688        1.27663       -2.14947        1.27663       -2.14947
   0.68969        1.27492       -2.15048        1.27492       -2.15048
  0.691692        1.27323       -2.15148        1.27323       -2.15148
  0.693694        1.27156       -2.15247        1.27156       -2.15247
  0.695696         1.2699       -2.15345         1.2699       -2.15345
  0.697698        1.26825       -2.15442        1.26825       -2.15442
    0.6997        1.26662       -2.15538        1.26662       -2.15538
  0.701702        1.26501       -2.15633        1.26501       -2.15633
  0.703704        1.26341       -2.15727        1.26341       -2.15727
  0.705706        1.26182       -2.15819        1.26182       -2.15819
  0.707708        1.26025       -2.15911        1.26025       -2.15911
   0.70971         1.2587       -2.16002         1.2587       -2.16002
  0.711712        1.25716       -2.16092        1.25716       -2.16092
  0.713714        1.25563        -2.1618        1.25563        -2.1618
  0.715716        1.25412       -2.16268        1.25412       -2.16268
  0.717718        1.25262       -2.16355        1.25262       -2.16355
   0.71972        1.25113       -2.16441        1.25113       -2.16441
  0.721722        1.24966       -2.16526        1.24966       -2.16526
  0.723724         1.2482        -2.1661         1.2482        -2.1661
  0.725726        1.24676       -2.16693        1.24676       -2.16693
  0.727728        1.24533       -2.16775        1.24533       -2.16775
   0.72973        1.24391       -2.16857        1.24391       -2.16857
  0.731732        1.24251       -2.16937        1.24251       -2.16937
  0.733734        1.24112       -2.17017        1.24112       -2.17017
  0.735736        1.23974       -2.17096        1.23974       -2.17096
  0.737738        1.23837       -2.17173        1.23837       -2.17173
   0.73974        1.23702       -2.17251        1.23702       -2.17251
  0.741742        1.23568       -2.17327        1.23568       -2.17327
  0.743744        1.23436       -2.17402        1.23436       -2.17402
  0.745746        1.23304       -2.17477        1.23304       -2.17477
  0.747748        1.23174        -2.1755        1.23174        -2.1755
   0.74975        1.23045       -2.17623        1.23045       -2.17623
  0.751752        1.22917       -2.17696        1.22917       -2.17696
  0.753754        1.22791       -2.17767        1.22791       -2.17767
  0.755756        1.22665       -2.17838        1.22665       -2.17838
  0.757758        1.22541       -2.17907        1.22541       -2.17907
   0.75976        1.22418       -2.17977        1.22418       -2.17977
  0.761762        1.22296       -2.18045        1.22296       -2.18045
  0.763764        1.22176       -2.18113        1.22176       -2.18113
  0.765766        1.22056       -2.18179        1.22056       -2.18179
  0.767768        1.21938       -2.18246        1.21938       -2.18246
   0.76977        1.21821       -2.18311        1.21821       -2.18311
  0.771772        1.21705       -2.18376        1.21705       -2.18376
  0.773774         1.2159        -2.1844         1.2159        -2.1844
  0.775776        1.21476       -2.18503        1.21476       -2.18503
  0.777778        1.21363       -2.18566        1.21363       -2.18566
   0.77978        1.21252       -2.18628        1.21252       -2.18628
  0.781782        1.21141       -2.18689        1.21141       -2.18689
  0.783784        1.21031        -2.1875        1.21031        -2.1875
  0.785786        1.20923        -2.1881        1.20923        -2.1881
  0.787788        1.20816       -2.18869        1.20816       -2.18869
   0.78979        1.20709       -2.18927        1.20709       -2.18927
  0.791792        1.20604       -2.18985        1.20604       -2.18985
  0.793794          1.205       -2.19043          1.205       -2.19043
  0.795796        1.20397         -2.191        1.20397         -2.191
  0.797798        1.20295       -2.19156        1.20295       -2.19156
    0.7998        1.20193       -2.19211        1.20193       -2.19211
  0.801802        1.20093       -2.19266        1.20093       -2.19266
  0.803804        1.19994        -2.1932        1.19994        -2.1932
  0.805806        1.19896       -2.19374        1.19896       -2.19374
  0.807808        1.19799       -2.19427        1.19799       -2.19427
   0.80981        1.19702        -2.1948        1.19702        -2.1948
  0.811812        1.19607       -2.19532        1.19607       -2.19532
  0.813814        1.19513       -2.19583        1.19513       -2.19583
  0.815816         1.1942       -2.19634         1.1942       -2.19634
  0.817818        1.19327       -2.19684        1.19327       -2.19684
   0.81982        1.19236       -2.19734        1.19236       -2.19734
  0.821822        1.19145       -2.19783        1.19145       -2.19783
  0.823824        1.19056       -2.19831        1.19056       -2.19831
  0.825826        1.18967       -2.19879        1.18967       -2.19879
  0.827828        1.18879       -2.19927        1.18879       -2.19927
   0.82983        1.18792       -2.19974        1.18792       -2.19974
  0.831832        1.18707        -2.2002        1.18707        -2.2002
  0.833834        1.18621       -2.20066        1.18621       -2.20066
  0.835836        1.18537       -2.20111        1.18537       -2.20111
  0.837838        1.18454       -2.20156        1.18454       -2.20156
   0.83984        1.18372         -2.202        1.18372         -2.202
  0.841842         1.1829       -2.20244         1.1829       -2.20244
  0.843844        1.18209       -2.20287        1.18209       -2.20287
  0.845846         1.1813        -2.2033         1.1813        -2.2033
  0.847848        1.18051       -2.20373        1.18051       -2.20373
   0.84985        1.17972       -2.20414        1.17972       -2.20414
  0.851852        1.17895       -2.20456        1.17895       -2.20456
  0.853854        1.17819       -2.20497        1.17819       -2.20497
  0.855856        1.17743       -2.20537        1.17743       -2.20537
  0.857858        1.17668       -2.20577        1.17668       -2.20577
   0.85986        1.17594       -2.20616        1.17594       -2.20616
  0.861862        1.17521       -2.20655        1.17521       -2.20655
  0.863864        1.17449       -2.20694        1.17449       -2.20694
  0.865866        1.17377       -2.20732        1.17377       -2.20732
  0.867868        1.17306        -2.2077        1.17306        -2.2077
   0.86987        1.17236       -2.20807        1.17236       -2.20807
  0.871872        1.17167       -2.20844        1.17167       -2.20844
  0.873874        1.17099        -2.2088        1.17099        -2.2088
  0.875876        1.17031       -2.20916        1.17031       -2.20916
  0.877878        1.16964       -2.20951        1.16964       -2.20951
   0.87988        1.16898       -2.20986        1.16898       -2.20986
  0.881882        1.16832       -2.21021        1.16832       -2.21021
  0.883884        1.16768       -2.21055        1.16768       -2.21055
  0.885886        1.16704       -2.21089        1.16704       -2.21089
  0.887888        1.16641       -2.21122        1.16641       -2.21122
   0.88989        1.16578       -2.21155        1.16578       -2.21155
  0.891892        1.16517       -2.21187        1.16517       -2.21187
  0.893894        1.16456        -2.2122        1.16456        -2.2122
  0.895896        1.16395       -2.21251        1.16395       -2.21251
  0.897898        1.16336       -2.21283        1.16336       -2.21283
    0.8999        1.16277       -2.21313        1.16277       -2.21313
  0.901902        1.16219       -2.21344        1.16219       -2.21344
  0.903904        1.16161       -2.21374        1.16161       -2.21374
  0.905906        1.16105       -2.21404        1.16105       -2.21404
  0.907908        1.16049       -2.21433        1.16049       -2.21433
   0.90991        1.15993       -2.21462        1.15993       -2.21462
  0.911912        1.15939       -2.21491        1.15939       -2.21491
  0.913914        1.15885       -2.21519        1.15885       -2.21519
  0.915916        1.15831       -2.21547        1.15831       -2.21547
  0.917918        1.15779       -2.21575        1.15779       -2.21575
   0.91992        1.15727       -2.21602        1.15727       -2.21602
  0.921922        1.15675       -2.21629        1.15675       -2.21629
  0.923924        1.15625       -2.21655        1.15625       -2.21655
  0.925926        1.15575       -2.21681        1.15575       -2.21681
  0.927928        1.15525       -2.21707        1.15525       -2.21707
   0.92993        1.15477       -2.21732        1.15477       -2.21732
  0.931932        1.15428       -2.21757        1.15428       -2.21757
  0.933934        1.15381       -2.21782        1.15381       -2.21782
  0.935936        1.15334       -2.21806        1.15334       -2.21806
  0.937938        1.15288        -2.2183        1.15288        -2.2183
   0.93994        1.15242       -2.21854        1.15242       -2.21854
  0.941942        1.15198       -2.21877        1.15198       -2.21877
  0.943944        1.15153         -2.219        1.15153         -2.219
  0.945946        1.15109       -2.21923        1.15109       -2.21923
  0.947948        1.15066       -2.21945        1.15066       -2.21945
   0.94995        1.15024       -2.21967        1.15024       -2.21967
  0.951952        1.14982       -2.21989        1.14982       -2.21989
  0.953954        1.14941        -2.2201        1.14941        -2.2201
  0.955956          1.149       -2.22032          1.149       -2.22032
  0.957958         1.1486       -2.22052         1.1486       -2.22052
   0.95996         1.1482       -2.22073         1.1482       -2.22073
  0.961962        1.14781       -2.22093        1.14781       -2.22093
  0.963964        1.14743       -2.22113        1.14743       -2.22113
  0.965966        1.14705       -2.22132        1.14705       -2.22132
  0.967968        1.14668       -2.22152        1.14668       -2.22152
   0.96997        1.14631        -2.2217        1.14631        -2.2217
  0.971972        1.14595       -2.22189        1.14595       -2.22189
  0.973974        1.14559       -2.22207        1.14559       -2.22207
  0.975976        1.14524       -2.22225        1.14524       -2.22225
  0.977978         1.1449       -2.22243         1.1449       -2.22243
   0.97998        1.14456       -2.22261        1.14456       -2.22261
  0.981982        1.14423       -2.22278        1.14423       -2.22278
  0.983984         1.1439       -2.22295         1.1439       -2.22295
  0.985986        1.14358       -2.22311        1.14358       -2.22311
  0.987988        1.14326       -2.22328        1.14326       -2.22328
   0.98999        1.14295       -2.22344        1.14295       -2.22344
  0.991992        1.14264       -2.22359        1.14264       -2.22359
  0.993994        1.14234       -2.22375        1.14234       -2.22375
  0.995996        1.14204        -2.2239        1.14204        -2.2239
  0.997998        1.14175       -2.22405        1.14175       -2.22405
         1        1.14147        -2.2242        1.14147        -2.2242
