1.0  -99.0     13.41     
2.0  -97.0     -18.36    
3.0  -95.0     6.01      
4.0  -93.0     -31.14    
5.0  -91.0     29.07     
6.0  -89.0     -21.31    
7.0  -87.0     22.16     
8.0  -85.0     -26.47    
9.0  -83.0     3.72      
10.0 -81.0     -24.64    
11.0 -79.0     26.90     
12.0 -77.0     -17.03    
13.0 -75.0     -17.87    
14.0 -73.0     5.16      
15.0 -71.0     -14.05    
16.0 -69.0     -12.89    
17.0 -67.0     -26.66    
18.0 -65.0     -10.27    
19.0 -63.0     19.49     
20.0 -61.0     -14.77    
21.0 -59.0     0.60      
22.0 -57.0     14.09     
23.0 -55.0     31.66     
24.0 -53.0     -29.22    
25.0 -51.0     -6.42     
26.0 -49.0     -28.06    
27.0 -47.0     -33.96    
28.0 -45.0     13.06     
29.0 -43.0     -18.00    
30.0 -41.0     8.50      
31.0 -39.0     7.42      
32.0 -37.0     14.39     
33.0 -35.0     14.56     
34.0 -33.0     -18.10    
35.0 -31.0     -2.29     
36.0 -29.0     10.58     
37.0 -27.0     -21.17    
38.0 -25.0     1.11      
39.0 -23.0     -25.46    
40.0 -21.0     7.76      
41.0 -19.0     -27.30    
42.0 -17.0     18.33     
43.0 -15.0     4.45      
44.0 -13.0     2.99      
45.0 -11.0     1.95      
46.0 -9.0      -18.69    
47.0 -7.0      26.95     
48.0 -5.0      33.94     
49.0 -3.0      -12.41    
50.0 -1.0      15.41     
51.0 1.0       -33.63    
52.0 3.0       25.94     
53.0 5.0       20.85     
54.0 7.0       -13.25    
55.0 9.0       13.08     
56.0 11.0      24.37     
57.0 13.0      -21.39    
58.0 15.0      -16.37    
59.0 17.0      -3.62     
60.0 19.0      -5.00     
61.0 21.0      13.20     
62.0 23.0      -8.36     
63.0 25.0      -24.27    
64.0 27.0      -17.54    
65.0 29.0      22.47     
66.0 31.0      10.16     
67.0 33.0      0.03      
68.0 35.0      -11.67    
69.0 37.0      -28.43    
70.0 39.0      -22.44    
71.0 41.0      -3.37     
72.0 43.0      -9.08     
73.0 45.0      -12.32    
74.0 47.0      -32.94    
75.0 49.0      13.01     
76.0 51.0      -30.19    
77.0 53.0      -12.55    
78.0 55.0      13.68     
79.0 57.0      13.75     
80.0 59.0      10.39     
81.0 61.0      -27.58    
82.0 63.0      16.08     
83.0 65.0      11.74     
84.0 67.0      6.46      
85.0 69.0      25.66     
86.0 71.0      -2.82     
87.0 73.0      17.16     
88.0 75.0      31.76     
89.0 77.0      -20.27    
90.0 79.0      3.80      
91.0 81.0      -33.46    
92.0 83.0      16.12     
93.0 85.0      -7.25     
94.0 87.0      -9.24     
95.0 89.0      22.07     
96.0 91.0      29.04     
97.0 93.0      31.67     
98.0 95.0      -9.85     
99.0 97.0      -3.74     
100.099.0      -21.66    
