E Sigma_s_r Sigma_s_i Sigma_d_r Sigma_d_i
        -6       -1.25569   -3.21534e-09       -1.25569   -3.21534e-09
  -5.88889        -1.2928   -3.46942e-09        -1.2928   -3.46942e-09
  -5.77778       -1.33294   -3.76427e-09       -1.33294   -3.76427e-09
  -5.66667       -1.37664   -4.11122e-09       -1.37664   -4.11122e-09
  -5.55556       -1.42456   -4.52648e-09       -1.42456   -4.52648e-09
  -5.44444       -1.47757   -5.03435e-09       -1.47757   -5.03435e-09
  -5.33333       -1.53691   -5.67319e-09       -1.53691   -5.67319e-09
  -5.22222       -1.60436   -6.50815e-09       -1.60436   -6.50815e-09
  -5.11111        -1.6827   -7.66162e-09        -1.6827   -7.66162e-09
        -5       -1.77674   -9.40133e-09       -1.77674   -9.40133e-09
