E   T_r   T_i
        -1              1   -9.99657e-17
 -0.997998              1   -3.14208e-17
 -0.995996              1    1.82075e-17
 -0.993994              1    3.57761e-17
 -0.991992              1   -6.36217e-18
  -0.98999              1    2.92053e-18
 -0.987988              1    1.48837e-17
 -0.985986              1    8.01262e-18
 -0.983984              1   -1.16159e-16
 -0.981982              1   -4.74274e-17
  -0.97998              1   -2.57184e-17
 -0.977978              1   -6.71427e-17
 -0.975976              1    4.70143e-17
 -0.973974              1    3.89293e-17
 -0.971972              1   -4.32046e-18
  -0.96997              1    4.06987e-17
 -0.967968              1   -2.84395e-18
 -0.965966              1    5.75434e-17
 -0.963964              1   -7.07851e-18
 -0.961962              1   -1.51782e-16
  -0.95996              1    1.56251e-17
 -0.957958              1    -1.0916e-17
 -0.955956              1    2.43314e-17
 -0.953954              1   -5.19114e-17
 -0.951952              1    4.14374e-17
  -0.94995              1   -1.04197e-16
 -0.947948              1   -3.28679e-17
 -0.945946              1   -7.88007e-17
 -0.943944              1   -6.07801e-17
 -0.941942              1    4.02909e-18
  -0.93994              1   -2.94957e-17
 -0.937938              1   -1.96967e-17
 -0.935936              1    1.51841e-17
 -0.933934              1    3.39537e-20
 -0.931932              1    6.60264e-17
  -0.92993              1    7.23895e-18
 -0.927928              1   -1.05611e-16
 -0.925926              1    8.65964e-18
 -0.923924              1    1.06133e-19
 -0.921922              1    7.24775e-17
  -0.91992              1    1.01293e-17
 -0.917918              1   -7.74914e-17
 -0.915916              1   -5.09118e-17
 -0.913914              1   -1.09227e-18
 -0.911912              1    3.98305e-17
  -0.90991              1   -4.38175e-17
 -0.907908              1   -3.70846e-17
 -0.905906              1   -5.00009e-18
 -0.903904              1    5.38723e-17
 -0.901902              1    4.58863e-17
   -0.8999              1   -6.05148e-17
 -0.897898              1    6.16445e-18
 -0.895896              1    5.09477e-17
 -0.893894              1   -7.59548e-17
 -0.891892              1    7.61796e-17
  -0.88989              1   -3.75153e-17
 -0.887888              1   -8.41909e-18
 -0.885886              1    1.63863e-17
 -0.883884              1   -4.99839e-17
 -0.881882              1   -7.09431e-19
  -0.87988              1   -6.15724e-17
 -0.877878              1    4.40479e-17
 -0.875876              1    4.16903e-18
 -0.873874              1    4.79561e-17
 -0.871872              1    2.95715e-17
  -0.86987              1    2.79633e-17
 -0.867868              1    -6.7618e-18
 -0.865866              1   -3.77342e-17
 -0.863864              1    1.21573e-17
 -0.861862              1    5.98321e-17
  -0.85986              1   -5.69825e-18
 -0.857858              1   -9.09861e-18
 -0.855856              1   -3.12112e-17
 -0.853854              1   -7.54567e-17
 -0.851852              1   -1.26492e-17
  -0.84985              1   -3.17221e-17
 -0.847848              1   -2.08544e-17
 -0.845846              1   -7.66763e-17
 -0.843844              1    4.20517e-18
 -0.841842              1   -1.17655e-17
  -0.83984              1   -4.30695e-17
 -0.837838              1   -9.27481e-17
 -0.835836              1    4.83807e-17
 -0.833834              1   -6.67491e-17
 -0.831832              1    4.16479e-17
  -0.82983              1   -1.31247e-17
 -0.827828              1   -3.79393e-17
 -0.825826              1    2.67925e-17
 -0.823824              1   -2.00416e-17
 -0.821822              1    7.45982e-18
  -0.81982              1   -3.22057e-18
 -0.817818              1    1.19773e-17
 -0.815816              1   -7.60316e-17
 -0.813814              1   -9.32111e-17
 -0.811812              1    7.94286e-17
  -0.80981              1    6.57708e-17
 -0.807808              1   -5.11174e-17
 -0.805806              1    5.56705e-17
 -0.803804              1    1.36087e-17
 -0.801802              1    -4.4046e-18
   -0.7998              1   -4.12768e-17
 -0.797798              1    -1.0019e-18
 -0.795796              1   -3.49144e-17
 -0.793794              1    2.40086e-17
 -0.791792              1    2.77208e-17
  -0.78979              1    3.14361e-17
 -0.787788              1    2.06973e-17
 -0.785786              1    7.19313e-17
 -0.783784              1    4.00623e-18
 -0.781782              1   -6.68958e-17
  -0.77978              1    3.96867e-18
 -0.777778              1   -4.91217e-17
 -0.775776              1     3.7199e-17
 -0.773774              1    1.49858e-17
 -0.771772              1    4.84169e-17
  -0.76977              1    5.38408e-17
 -0.767768              1   -5.53808e-17
 -0.765766              1    1.34318e-17
 -0.763764              1    1.48923e-18
 -0.761762              1    9.46485e-17
  -0.75976              1   -6.91471e-18
 -0.757758              1     7.4212e-17
 -0.755756              1   -1.05667e-17
 -0.753754              1    9.21064e-18
 -0.751752              1    3.92374e-17
  -0.74975              1   -5.60765e-17
 -0.747748              1   -6.92735e-17
 -0.745746              1    2.26183e-17
 -0.743744              1    -3.7918e-17
 -0.741742              1    -1.0847e-16
  -0.73974              1   -5.58979e-17
 -0.737738              1   -9.21995e-17
 -0.735736              1   -1.85269e-17
 -0.733734              1    1.54832e-18
 -0.731732              1    6.51887e-17
  -0.72973              1   -4.01145e-17
 -0.727728              1    2.46253e-17
 -0.725726              1     4.0521e-17
 -0.723724              1     -1.687e-17
 -0.721722              1    4.83108e-17
  -0.71972              1     3.2457e-17
 -0.717718              1   -2.31429e-17
 -0.715716              1    4.14328e-18
 -0.713714              1   -4.95786e-17
 -0.711712              1    1.73375e-17
  -0.70971              1    8.26137e-18
 -0.707708              1    6.01326e-17
 -0.705706              1    1.29038e-17
 -0.703704              1    4.49531e-17
 -0.701702              1   -4.32616e-17
   -0.6997              1   -6.66361e-17
 -0.697698              1    1.88245e-17
 -0.695696              1    5.20455e-17
 -0.693694              1    -4.3091e-17
 -0.691692              1   -7.95807e-17
  -0.68969              1   -8.13952e-18
 -0.687688              1   -3.20555e-17
 -0.685686              1    1.75291e-17
 -0.683684              1   -1.05198e-16
 -0.681682              1    8.15066e-17
  -0.67968              1   -1.96342e-17
 -0.677678              1    2.82292e-18
 -0.675676              1    4.96995e-18
 -0.673674              1     4.8027e-18
 -0.671672              1   -3.26482e-17
  -0.66967              1   -1.66725e-18
 -0.667668              1   -2.06305e-17
 -0.665666              1    8.85231e-17
 -0.663664              1   -3.70315e-17
 -0.661662              1     -1.288e-17
  -0.65966              1   -1.01529e-16
 -0.657658              1     -1.063e-17
 -0.655656              1     3.7185e-17
 -0.653654              1    -4.7444e-17
 -0.651652              1   -4.88745e-18
  -0.64965              1    1.83596e-17
 -0.647648              1    2.81505e-17
 -0.645646              1    2.59823e-17
 -0.643644              1    2.76028e-17
 -0.641642              1   -1.21767e-16
  -0.63964              1    1.43633e-17
 -0.637638              1   -3.76535e-18
 -0.635636              1    6.58561e-17
 -0.633634              1    -2.5308e-17
 -0.631632              1   -2.62358e-17
  -0.62963              1    2.47402e-17
 -0.627628              1    3.47402e-17
 -0.625626              1   -1.05231e-17
 -0.623624              1   -3.14468e-17
 -0.621622              1    3.85932e-17
  -0.61962              1    1.56419e-17
 -0.617618              1    6.90619e-17
 -0.615616              1   -8.17817e-18
 -0.613614              1    1.63073e-17
 -0.611612              1    9.28457e-17
  -0.60961              1   -8.16737e-17
 -0.607608              1    7.15911e-17
 -0.605606              1   -8.41277e-18
 -0.603604              1    4.14699e-17
 -0.601602              1    -1.3332e-16
   -0.5996              1     1.4368e-17
 -0.597598              1   -4.09072e-17
 -0.595596              1   -6.63581e-18
 -0.593594              1   -3.49548e-17
 -0.591592              1    3.20654e-17
  -0.58959              1   -5.77243e-17
 -0.587588              1    -2.8427e-17
 -0.585586              1      8.996e-17
 -0.583584              1    6.12338e-17
 -0.581582              1    2.29891e-18
  -0.57958              1   -2.70478e-17
 -0.577578              1   -2.22502e-17
 -0.575576              1    -2.2982e-17
 -0.573574              1    8.75697e-17
 -0.571572              1     4.1265e-17
  -0.56957              1    5.48142e-17
 -0.567568              1    9.40133e-17
 -0.565566              1    4.52041e-17
 -0.563564              1   -6.21103e-18
 -0.561562              1    1.01321e-17
  -0.55956              1   -5.64936e-17
 -0.557558              1   -5.51445e-17
 -0.555556              1   -6.50804e-17
 -0.553554              1   -3.77159e-17
 -0.551552              1    6.29148e-17
  -0.54955              1    2.86989e-17
 -0.547548              1    8.11349e-17
 -0.545546              1   -2.60528e-17
 -0.543544              1   -4.37709e-17
 -0.541542              1   -6.66714e-18
  -0.53954              1    7.71681e-17
 -0.537538              1    2.28873e-17
 -0.535536              1    7.36397e-17
 -0.533534              1   -9.66608e-17
 -0.531532              1    5.86507e-17
  -0.52953              1   -9.73317e-17
 -0.527528              1   -8.98482e-17
 -0.525526              1    1.79062e-17
 -0.523524              1   -6.30998e-18
 -0.521522              1    1.17691e-16
  -0.51952              1   -1.08283e-16
 -0.517518              1    1.18559e-16
 -0.515516              1    4.34365e-17
 -0.513514              1    5.10827e-17
 -0.511512              1   -1.25724e-16
  -0.50951              1    7.21056e-18
 -0.507508              1     -4.862e-17
 -0.505506              1    -5.8244e-17
 -0.503504              1    9.30415e-18
 -0.501502              1   -6.19732e-17
 -0.499499              1   -3.39676e-17
 -0.497497              1    1.35812e-16
 -0.495495              1   -1.59151e-17
 -0.493493              1    1.07753e-16
 -0.491491              1    6.41403e-17
 -0.489489              1    3.66306e-17
 -0.487487              1   -3.65904e-17
 -0.485485              1    6.13403e-17
 -0.483483              1    8.90846e-17
 -0.481481              1    5.66747e-17
 -0.479479              1     1.1999e-16
 -0.477477              1    2.75854e-17
 -0.475475              1   -7.20021e-17
 -0.473473              1   -1.25185e-17
 -0.471471              1    2.55351e-17
 -0.469469              1   -7.80236e-17
 -0.467467              1   -1.32212e-16
 -0.465465              1    1.35237e-16
 -0.463463              1    1.02563e-16
 -0.461461              1    -9.7704e-17
 -0.459459              1    4.67559e-17
 -0.457457              1   -2.09898e-17
 -0.455455              1     3.9084e-17
 -0.453453              1    -5.3879e-17
 -0.451451              1    7.17858e-17
 -0.449449              1     1.1942e-16
 -0.447447              1    6.73575e-17
 -0.445445              1   -1.54505e-17
 -0.443443              1   -1.04997e-16
 -0.441441              1   -1.01803e-16
 -0.439439              1    -1.1802e-16
 -0.437437              1    1.62454e-17
 -0.435435              1   -3.17743e-17
 -0.433433              1   -8.38954e-17
 -0.431431              1    8.73539e-17
 -0.429429              1   -4.50826e-17
 -0.427427              1    7.29958e-17
 -0.425425              1    7.18197e-17
 -0.423423              1   -9.26788e-17
 -0.421421              1    8.20689e-17
 -0.419419              1    5.31241e-17
 -0.417417              1   -4.67478e-17
 -0.415415              1    1.23471e-16
 -0.413413              1    2.67206e-17
 -0.411411              1   -1.40879e-19
 -0.409409              1   -1.41357e-16
 -0.407407              1    7.64248e-17
 -0.405405              1   -2.96505e-17
 -0.403403              1    8.88228e-17
 -0.401401              1    7.02607e-17
 -0.399399              1    3.73737e-19
 -0.397397              1    4.34948e-17
 -0.395395              1   -3.52236e-17
 -0.393393              1   -3.68297e-17
 -0.391391              1    1.46589e-17
 -0.389389              1    7.88592e-17
 -0.387387              1    -7.2232e-19
 -0.385385              1   -1.36488e-16
 -0.383383              1     1.0211e-16
 -0.381381              1   -6.26932e-17
 -0.379379              1   -7.49405e-17
 -0.377377              1   -6.68039e-17
 -0.375375              1    -9.3872e-17
 -0.373373              1    1.47951e-17
 -0.371371              1   -9.06518e-17
 -0.369369              1   -1.58156e-16
 -0.367367              1   -1.83919e-17
 -0.365365              1    1.32444e-16
 -0.363363              1   -3.39306e-17
 -0.361361              1   -2.97888e-17
 -0.359359              1   -6.59663e-17
 -0.357357              1   -3.78952e-17
 -0.355355              1    3.81572e-17
 -0.353353              1   -8.60117e-18
 -0.351351              1    -1.3322e-16
 -0.349349              1    2.34791e-17
 -0.347347              1   -1.84507e-17
 -0.345345              1   -3.26454e-18
 -0.343343              1   -2.24998e-17
 -0.341341              1   -6.67773e-17
 -0.339339              1    4.13048e-17
 -0.337337              1   -5.80596e-18
 -0.335335              1   -7.86601e-17
 -0.333333              1    2.63438e-18
 -0.331331              1   -5.38134e-17
 -0.329329              1    7.23392e-17
 -0.327327              1   -7.77388e-17
 -0.325325              1    3.44823e-17
 -0.323323              1    4.55985e-17
 -0.321321              1    9.21675e-17
 -0.319319              1    3.01386e-17
 -0.317317              1   -9.98049e-17
 -0.315315              1    1.26219e-18
 -0.313313              1   -7.37035e-17
 -0.311311              1   -4.04381e-17
 -0.309309              1    -8.2434e-17
 -0.307307              1   -2.50697e-18
 -0.305305              1    3.52746e-17
 -0.303303              1    4.28879e-18
 -0.301301              1   -1.29868e-17
 -0.299299              1   -3.78853e-17
 -0.297297              1   -2.37901e-17
 -0.295295              1   -9.19378e-17
 -0.293293              1      1.178e-16
 -0.291291              1   -2.80765e-17
 -0.289289              1    2.47613e-17
 -0.287287              1    4.51085e-17
 -0.285285              1    2.00169e-19
 -0.283283              1   -1.05346e-17
 -0.281281              1    4.33948e-17
 -0.279279              1   -1.87016e-17
 -0.277277              1    2.19412e-17
 -0.275275              1   -1.32428e-18
 -0.273273              1   -1.47062e-17
 -0.271271    1.81757e-08    4.77522e-28
 -0.269269    5.73735e-12    6.42625e-34
 -0.267267    1.44082e-12   -1.90892e-34
 -0.265265    6.38943e-13    4.99295e-35
 -0.263263    3.58526e-13   -4.03661e-35
 -0.261261    2.29033e-13   -3.93365e-36
 -0.259259    1.58868e-13    6.88348e-37
 -0.257257    1.16661e-13   -3.62314e-36
 -0.255255    8.93256e-14    -4.6578e-36
 -0.253253    7.06203e-14   -3.96825e-36
 -0.251251    5.72628e-14    9.86292e-37
 -0.249249    4.73939e-14    4.57741e-36
 -0.247247     3.9897e-14    2.32782e-36
 -0.245245    3.40687e-14    3.23791e-36
 -0.243243    2.94481e-14    1.09087e-36
 -0.241241     2.5723e-14   -7.20341e-37
 -0.239239    2.26761e-14    8.08022e-37
 -0.237237     2.0152e-14   -5.30324e-39
 -0.235235    1.80374e-14   -9.02193e-37
 -0.233233    1.62482e-14   -7.81406e-37
 -0.231231    1.47207e-14   -3.56254e-37
 -0.229229    1.34063e-14    2.74107e-37
 -0.227227    1.22669e-14   -6.25225e-38
 -0.225225    1.12728e-14   -5.82661e-37
 -0.223223    1.04001e-14    5.73506e-37
 -0.221221    9.62986e-15   -2.97648e-37
 -0.219219    8.94655e-15     1.0589e-37
 -0.217217    8.33752e-15    2.79746e-37
 -0.215215    7.79234e-15    -1.6426e-37
 -0.213213    7.30237e-15   -5.39021e-38
 -0.211211    6.86035e-15   -1.50546e-37
 -0.209209    6.46021e-15    1.26109e-37
 -0.207207     6.0968e-15    4.96512e-38
 -0.205205    5.76574e-15    3.57168e-38
 -0.203203    5.46328e-15    1.98123e-37
 -0.201201    5.18621e-15    2.56206e-37
 -0.199199    4.93175e-15    6.46268e-38
 -0.197197     4.6975e-15    2.99739e-37
 -0.195195    4.48136e-15    1.65403e-38
 -0.193193    4.28152e-15    2.33524e-37
 -0.191191    4.09636e-15    5.81102e-38
 -0.189189    3.92448e-15   -5.02085e-38
 -0.187187    3.76463e-15    7.59173e-38
 -0.185185    3.61572e-15   -1.49557e-37
 -0.183183    3.47677e-15    -4.8017e-40
 -0.181181     3.3469e-15   -1.29321e-37
 -0.179179    3.22535e-15     1.2099e-37
 -0.177177    3.11142e-15   -8.79143e-39
 -0.175175    3.00448e-15   -3.90493e-39
 -0.173173    2.90399e-15   -3.88958e-38
 -0.171171    2.80942e-15    5.73192e-38
 -0.169169    2.72033e-15   -6.12222e-38
 -0.167167     2.6363e-15    4.81849e-40
 -0.165165    2.55697e-15   -2.36497e-38
 -0.163163    2.48198e-15   -4.12281e-38
 -0.161161    2.41104e-15   -5.62524e-38
 -0.159159    2.34385e-15    6.51275e-38
 -0.157157    2.28017e-15    -8.5299e-38
 -0.155155    2.21976e-15    4.11532e-38
 -0.153153    2.16239e-15    1.30559e-38
 -0.151151    2.10788e-15     1.4523e-38
 -0.149149    2.05605e-15   -3.06174e-38
 -0.147147    2.00671e-15    1.52337e-38
 -0.145145    1.95973e-15     2.6916e-38
 -0.143143    1.91496e-15    1.12184e-37
 -0.141141    1.87226e-15    9.06077e-38
 -0.139139    1.83152e-15   -8.08959e-38
 -0.137137    1.79262e-15   -6.27284e-39
 -0.135135    1.75546e-15   -2.13451e-38
 -0.133133    1.71994e-15   -6.08911e-39
 -0.131131    1.68598e-15     9.9866e-40
 -0.129129    1.65348e-15    1.68941e-38
 -0.127127    1.62237e-15    1.47159e-39
 -0.125125    1.59258e-15    2.39017e-38
 -0.123123    1.56404e-15    2.22086e-38
 -0.121121    1.53669e-15    3.48046e-38
 -0.119119    1.51047e-15   -1.39134e-38
 -0.117117    1.48532e-15    -4.0043e-38
 -0.115115    1.46119e-15    2.96337e-38
 -0.113113    1.43803e-15    2.06624e-39
 -0.111111     1.4158e-15    4.58887e-38
 -0.109109    1.39445e-15    4.05473e-38
 -0.107107    1.37395e-15   -1.60149e-38
 -0.105105    1.35426e-15    3.07228e-38
 -0.103103    1.33534e-15     8.4351e-38
 -0.101101    1.31715e-15   -4.19324e-38
-0.0990991    1.29967e-15    1.13544e-38
-0.0970971    1.28288e-15     1.1925e-38
-0.0950951    1.26673e-15     5.6021e-38
-0.0930931     1.2512e-15    -1.8448e-38
-0.0910911    1.23628e-15    2.79031e-38
-0.0890891    1.22193e-15     9.8085e-39
-0.0870871    1.20813e-15   -7.50882e-38
-0.0850851    1.19487e-15   -3.56413e-38
-0.0830831    1.18212e-15     3.8059e-38
-0.0810811    1.16987e-15    -1.3467e-38
-0.0790791    1.15809e-15   -5.97625e-39
-0.0770771    1.14678e-15    4.12425e-38
-0.0750751    1.13591e-15   -6.50104e-38
-0.0730731    1.12547e-15   -7.93542e-38
-0.0710711    1.11545e-15   -4.53747e-38
-0.0690691    1.10583e-15    5.14434e-38
-0.0670671    1.09661e-15     8.2194e-39
-0.0650651    1.08776e-15   -2.08736e-38
-0.0630631    1.07928e-15   -2.04411e-38
-0.0610611    1.07116e-15   -5.95731e-38
-0.0590591    1.06338e-15    1.69422e-38
-0.0570571    1.05594e-15    3.53226e-38
-0.0550551    1.04883e-15   -2.95774e-38
-0.0530531    1.04205e-15   -6.39887e-38
-0.0510511    1.03557e-15     5.6656e-38
 -0.049049     1.0294e-15   -2.83921e-38
 -0.047047    1.02352e-15   -1.22488e-38
 -0.045045    1.01794e-15    4.03255e-38
 -0.043043    1.01264e-15   -1.21215e-37
 -0.041041    1.00762e-15    1.03573e-37
 -0.039039    1.00287e-15   -6.31021e-38
 -0.037037    9.98394e-16    1.14516e-37
 -0.035035    9.94177e-16     7.7721e-38
 -0.033033    9.90218e-16    1.17075e-37
 -0.031031    9.86514e-16    9.72937e-38
 -0.029029    9.83059e-16    3.94852e-38
 -0.027027    9.79851e-16   -5.06941e-39
 -0.025025    9.76885e-16    5.16602e-40
 -0.023023     9.7416e-16    6.66415e-38
 -0.021021    9.71671e-16    3.34566e-37
 -0.019019    9.69417e-16   -2.42283e-37
 -0.017017    9.67394e-16   -1.41316e-37
 -0.015015    9.65602e-16    8.54604e-38
 -0.013013    9.64038e-16    3.10902e-38
 -0.011011      9.627e-16    8.03945e-38
-0.00900901    9.61587e-16    3.34356e-37
-0.00700701    9.60698e-16   -3.99948e-37
-0.00500501    9.60032e-16    9.75851e-37
 -0.003003    9.59588e-16   -1.10272e-36
 -0.001001    9.59367e-16   -3.12079e-37
  0.001001    9.59367e-16     3.1224e-36
  0.003003    9.59588e-16   -5.66644e-37
0.00500501    9.60032e-16    2.05387e-38
0.00700701    9.60698e-16    -1.9655e-37
0.00900901    9.61587e-16    4.44001e-37
  0.011011      9.627e-16     8.6877e-38
  0.013013    9.64038e-16   -7.60015e-38
  0.015015    9.65602e-16   -2.67628e-37
  0.017017    9.67394e-16   -2.12271e-38
  0.019019    9.69417e-16   -1.40613e-37
  0.021021    9.71671e-16    8.56252e-38
  0.023023     9.7416e-16    1.35235e-37
  0.025025    9.76885e-16   -3.89248e-38
  0.027027    9.79851e-16    8.75623e-38
  0.029029    9.83059e-16      2.437e-39
  0.031031    9.86514e-16    1.15848e-37
  0.033033    9.90218e-16   -7.62587e-38
  0.035035    9.94177e-16    -2.0777e-37
  0.037037    9.98394e-16   -6.92921e-39
  0.039039    1.00287e-15     1.5126e-37
  0.041041    1.00762e-15   -1.18128e-37
  0.043043    1.01264e-15    5.46103e-38
  0.045045    1.01794e-15    5.29768e-38
  0.047047    1.02352e-15    1.40209e-38
  0.049049     1.0294e-15    6.31127e-39
 0.0510511    1.03557e-15    -2.4833e-38
 0.0530531    1.04205e-15     9.5073e-38
 0.0550551    1.04883e-15    6.59997e-38
 0.0570571    1.05594e-15   -4.74933e-38
 0.0590591    1.06338e-15   -1.87868e-39
 0.0610611    1.07116e-15    9.80257e-38
 0.0630631    1.07928e-15   -4.18294e-38
 0.0650651    1.08776e-15    8.75132e-38
 0.0670671    1.09661e-15    4.21662e-38
 0.0690691    1.10583e-15   -4.44054e-38
 0.0710711    1.11545e-15    8.34099e-38
 0.0730731    1.12547e-15   -8.89842e-39
 0.0750751    1.13591e-15    3.65972e-38
 0.0770771    1.14678e-15   -5.61875e-38
 0.0790791    1.15809e-15    6.08502e-38
 0.0810811    1.16987e-15    1.83815e-38
 0.0830831    1.18212e-15    5.17416e-38
 0.0850851    1.19487e-15    1.47621e-37
 0.0870871    1.20813e-15    2.26766e-38
 0.0890891    1.22193e-15    4.92434e-38
 0.0910911    1.23628e-15   -1.28212e-38
 0.0930931     1.2512e-15    6.70581e-39
 0.0950951    1.26673e-15    3.53006e-38
 0.0970971    1.28288e-15    3.07511e-38
 0.0990991    1.29967e-15   -1.57566e-38
  0.101101    1.31715e-15   -4.76068e-38
  0.103103    1.33534e-15     -6.395e-38
  0.105105    1.35426e-15    7.46732e-39
  0.107107    1.37395e-15   -5.64894e-39
  0.109109    1.39445e-15    7.01384e-39
  0.111111     1.4158e-15    3.01181e-38
  0.113113    1.43803e-15    3.37454e-38
  0.115115    1.46119e-15    -9.7057e-38
  0.117117    1.48532e-15    2.99329e-38
  0.119119    1.51047e-15   -2.43574e-38
  0.121121    1.53669e-15    4.79567e-38
  0.123123    1.56404e-15   -5.45113e-38
  0.125125    1.59258e-15   -7.70848e-39
  0.127127    1.62237e-15    3.24577e-38
  0.129129    1.65348e-15     1.6041e-38
  0.131131    1.68598e-15    7.21738e-38
  0.133133    1.71994e-15    8.64014e-39
  0.135135    1.75546e-15   -5.91494e-38
  0.137137    1.79262e-15     8.9041e-40
  0.139139    1.83152e-15   -1.15187e-37
  0.141141    1.87226e-15   -7.80408e-38
  0.143143    1.91496e-15   -1.08048e-37
  0.145145    1.95973e-15   -3.23208e-38
  0.147147    2.00671e-15   -7.55879e-38
  0.149149    2.05605e-15    9.31927e-39
  0.151151    2.10788e-15   -1.25077e-38
  0.153153    2.16239e-15   -6.15837e-38
  0.155155    2.21976e-15    1.17874e-39
  0.157157    2.28017e-15   -3.71297e-38
  0.159159    2.34385e-15   -5.26946e-38
  0.161161    2.41104e-15     3.1835e-38
  0.163163    2.48198e-15    6.15309e-38
  0.165165    2.55697e-15   -8.57418e-38
  0.167167     2.6363e-15    1.67758e-38
  0.169169    2.72033e-15    -1.4423e-38
  0.171171    2.80942e-15    1.05818e-37
  0.173173    2.90399e-15    1.40008e-37
  0.175175    3.00448e-15   -1.65518e-38
  0.177177    3.11142e-15    1.29174e-37
  0.179179    3.22535e-15   -1.41879e-37
  0.181181     3.3469e-15    4.44032e-38
  0.183183    3.47677e-15   -1.14715e-37
  0.185185    3.61572e-15    1.24013e-37
  0.187187    3.76463e-15    8.85615e-38
  0.189189    3.92448e-15    1.38921e-37
  0.191191    4.09636e-15   -1.07311e-38
  0.193193    4.28152e-15   -1.19533e-37
  0.195195    4.48136e-15    1.38032e-38
  0.197197     4.6975e-15   -6.95873e-38
  0.199199    4.93175e-15   -2.14359e-37
  0.201201    5.18621e-15   -2.27618e-37
  0.203203    5.46328e-15    2.48415e-37
  0.205205    5.76574e-15    1.34832e-37
  0.207207     6.0968e-15   -1.67072e-37
  0.209209    6.46021e-15    3.53851e-38
  0.211211    6.86035e-15   -1.83391e-37
  0.213213    7.30237e-15    -2.6807e-37
  0.215215    7.79234e-15   -2.51763e-37
  0.217217    8.33752e-15    7.41493e-38
  0.219219    8.94655e-15    3.12418e-37
  0.221221    9.62986e-15    1.16603e-37
  0.223223    1.04001e-14    -3.0869e-37
  0.225225    1.12728e-14   -1.03798e-37
  0.227227    1.22669e-14   -5.20924e-38
  0.229229    1.34063e-14     1.3287e-37
  0.231231    1.47207e-14    1.59275e-37
  0.233233    1.62482e-14    1.49382e-36
  0.235235    1.80374e-14   -7.17413e-37
  0.237237     2.0152e-14     1.3306e-36
  0.239239    2.26761e-14   -2.21524e-36
  0.241241     2.5723e-14   -3.12865e-37
  0.243243    2.94481e-14   -1.17793e-36
  0.245245    3.40687e-14   -1.47113e-36
  0.247247     3.9897e-14   -2.40069e-36
  0.249249    4.73939e-14   -2.52561e-36
  0.251251    5.72628e-14    2.02969e-37
  0.253253    7.06203e-14    5.72762e-39
  0.255255    8.93256e-14    6.09042e-36
  0.257257    1.16661e-13   -9.82288e-37
  0.259259    1.58868e-13    5.56706e-36
  0.261261    2.29033e-13    1.20326e-35
  0.263263    3.58526e-13     5.7044e-35
  0.265265    6.38943e-13   -9.35772e-35
  0.267267    1.44082e-12   -5.85056e-34
  0.269269    5.73735e-12   -3.94497e-34
  0.271271    1.81757e-08    8.14288e-29
  0.273273              1   -2.08295e-17
  0.275275              1   -1.39192e-17
  0.277277              1    2.73499e-17
  0.279279              1    1.87016e-17
  0.281281              1    6.64207e-18
  0.283283              1   -3.74874e-17
  0.285285              1    1.89651e-17
  0.287287              1    -1.0868e-17
  0.289289              1    9.59406e-17
  0.291291              1    2.80765e-17
  0.293293              1    3.50966e-17
  0.295295              1    4.06382e-18
  0.297297              1   -7.35209e-17
  0.299299              1   -7.84072e-17
  0.301301              1    5.77114e-17
  0.303303              1   -5.97273e-17
  0.305305              1    5.94117e-17
  0.307307              1   -9.05189e-17
  0.309309              1   -3.23409e-17
  0.311311              1    -2.1044e-17
  0.313313              1   -7.17178e-17
  0.315315              1   -3.63754e-17
  0.317317              1   -4.05742e-17
  0.319319              1    1.99051e-16
  0.321321              1   -9.21675e-17
  0.323323              1   -7.62318e-17
  0.325325              1   -1.06736e-16
  0.327327              1    7.77388e-17
  0.329329              1    9.81842e-17
  0.331331              1   -2.69285e-17
  0.333333              1    4.86224e-17
  0.335335              1    4.77035e-17
  0.337337              1    6.39204e-18
  0.339339              1    1.85383e-16
  0.341341              1    2.72837e-17
  0.343343              1    2.44288e-17
  0.345345              1    7.48209e-17
  0.347347              1   -3.06876e-17
  0.349349              1    1.49897e-16
  0.351351              1   -2.77807e-17
  0.353353              1    1.58306e-17
  0.355355              1    2.97819e-17
  0.357357              1    5.50697e-17
  0.359359              1   -1.10672e-16
  0.361361              1    2.97888e-17
  0.363363              1    3.55344e-17
  0.365365              1   -8.62753e-18
  0.367367              1   -1.05259e-16
  0.369369              1    1.83915e-16
  0.371371              1    9.06518e-17
  0.373373              1   -6.77885e-17
  0.375375              1    1.44714e-17
  0.377377              1   -1.44349e-16
  0.379379              1    8.43238e-17
  0.381381              1    6.26932e-17
  0.383383              1    1.98434e-17
  0.385385              1    1.06688e-16
  0.387387              1   -1.15178e-16
  0.389389              1   -6.00007e-17
  0.391391              1   -1.46589e-17
  0.393393              1   -2.01141e-17
  0.395395              1   -1.55208e-17
  0.397397              1    1.02194e-16
  0.399399              1   -7.62402e-17
  0.401401              1    1.73192e-17
  0.403403              1    5.16177e-17
  0.405405              1   -6.82501e-17
  0.407407              1    5.86715e-17
  0.409409              1   -2.47852e-17
  0.411411              1   -7.05573e-17
  0.413413              1   -1.15416e-16
  0.415415              1    2.41596e-17
  0.417417              1    -1.3157e-16
  0.419419              1    9.82607e-18
  0.421421              1   -5.12756e-17
  0.423423              1     1.0266e-17
  0.425425              1   -1.94838e-16
  0.427427              1   -7.29958e-17
  0.429429              1    8.36742e-17
  0.431431              1   -9.19608e-17
  0.433433              1   -2.72091e-19
  0.435435              1    3.17743e-17
  0.437437              1   -1.62454e-17
  0.439439              1   -9.33752e-17
  0.441441              1    1.51022e-17
  0.443443              1     -1.161e-16
  0.445445              1    9.88706e-17
  0.447447              1    1.23574e-16
  0.449449              1   -1.38349e-16
  0.451451              1   -3.96404e-17
  0.453453              1     5.4869e-17
  0.455455              1    2.10252e-17
  0.457457              1    2.09898e-17
  0.459459              1   -1.54639e-16
  0.461461              1    4.70071e-17
  0.463463              1   -2.06263e-17
  0.465465              1   -1.87617e-17
  0.467467              1    1.64715e-16
  0.469469              1    2.59803e-18
  0.471471              1   -1.35711e-17
  0.473473              1    8.71324e-17
  0.475475              1    7.20021e-17
  0.477477              1   -4.60501e-18
  0.479479              1   -1.86404e-17
  0.481481              1   -1.05072e-16
  0.483483              1    9.31443e-18
  0.485485              1   -6.13403e-17
  0.487487              1    8.67113e-17
  0.489489              1   -4.30403e-17
  0.491491              1    -6.6824e-17
  0.493493              1     -6.742e-17
  0.495495              1   -1.41027e-16
  0.497497              1   -3.52691e-17
  0.499499              1    3.39676e-17
  0.501502              1    1.97516e-17
  0.503504              1    4.11209e-17
  0.505506              1     5.8244e-17
  0.507508              1      4.862e-17
   0.50951              1   -7.21056e-18
  0.511512              1    3.19696e-17
  0.513514              1   -9.51032e-17
  0.515516              1    1.72074e-16
  0.517518              1    1.25144e-17
   0.51952              1    1.08283e-16
  0.521522              1   -1.35392e-17
  0.523524              1    6.30998e-18
  0.525526              1    1.07505e-17
  0.527528              1   -1.29494e-16
   0.52953              1      -2.31e-17
  0.531532              1    3.21238e-17
  0.533534              1   -1.63641e-17
  0.535536              1   -4.74648e-17
  0.537538              1   -3.87433e-17
   0.53954              1    4.23124e-17
  0.541542              1    2.99762e-17
  0.543544              1    4.37709e-17
  0.545546              1    2.60528e-17
  0.547548              1    1.00089e-16
   0.54955              1     6.2095e-17
  0.551552              1   -1.03362e-19
  0.553554              1   -1.32629e-17
  0.555556              1    6.50804e-17
  0.557558              1    6.68281e-17
   0.55956              1   -3.31215e-17
  0.561562              1   -1.47723e-16
  0.563564              1   -6.69814e-17
  0.565566              1    3.04208e-17
  0.567568              1    2.24493e-17
   0.56957              1    -2.9031e-17
  0.571572              1     2.6134e-17
  0.573574              1   -8.75697e-17
  0.575576              1    4.08505e-17
  0.577578              1    2.22502e-17
   0.57958              1    2.70478e-17
  0.581582              1   -1.36937e-17
  0.583584              1   -6.12338e-17
  0.585586              1     -8.996e-17
  0.587588              1     2.8427e-17
   0.58959              1   -7.53661e-18
  0.591592              1   -2.08099e-17
  0.593594              1   -4.58583e-17
  0.595596              1    5.28282e-17
  0.597598              1   -5.36333e-18
    0.5996              1    4.52646e-17
  0.601602              1    1.39044e-17
  0.603604              1   -4.14699e-17
  0.605606              1    3.46291e-17
  0.607608              1    1.39827e-17
   0.60961              1   -3.15755e-17
  0.611612              1    -6.5946e-17
  0.613614              1    3.57083e-17
  0.615616              1   -7.69971e-18
  0.617618              1    3.55804e-18
   0.61962              1    7.49235e-17
  0.621622              1    1.39319e-17
  0.623624              1     1.2166e-17
  0.625626              1    1.05231e-17
  0.627628              1    -7.5337e-17
   0.62963              1   -4.98994e-17
  0.631632              1    4.58311e-17
  0.633634              1     2.5308e-17
  0.635636              1   -1.09897e-17
  0.637638              1   -4.30029e-17
   0.63964              1   -2.27921e-18
  0.641642              1    8.81466e-18
  0.643644              1   -2.02631e-17
  0.645646              1    2.15435e-17
  0.647648              1    1.21878e-17
   0.64965              1    4.67626e-17
  0.651652              1   -7.24063e-18
  0.653654              1   -1.60804e-17
  0.655656              1    1.17249e-17
  0.657658              1    4.21087e-17
   0.65966              1    4.46087e-17
  0.661662              1      1.288e-17
  0.663664              1    3.70315e-17
  0.665666              1   -3.08883e-18
  0.667668              1   -4.95727e-17
   0.66967              1    -5.7725e-17
  0.671672              1    8.05417e-18
  0.673674              1    -4.8027e-18
  0.675676              1   -4.96995e-18
  0.677678              1    1.47909e-17
   0.67968              1    4.51262e-17
  0.681682              1    2.00796e-17
  0.683684              1    5.38096e-17
  0.685686              1    5.54605e-17
  0.687688              1   -4.17885e-17
   0.68969              1   -8.06688e-17
  0.691692              1    7.52848e-17
  0.693694              1    9.13537e-17
  0.695696              1   -5.20455e-17
  0.697698              1    1.64919e-17
    0.6997              1    3.56772e-17
  0.701702              1   -3.39014e-17
  0.703704              1    2.74833e-17
  0.705706              1   -6.89499e-17
  0.707708              1   -3.63182e-17
   0.70971              1    5.38865e-17
  0.711712              1    -3.2138e-18
  0.713714              1   -3.71008e-17
  0.715716              1    -1.5451e-17
  0.717718              1    2.31429e-17
   0.71972              1    3.57702e-19
  0.721722              1   -7.14079e-17
  0.723724              1   -6.89067e-17
  0.725726              1    5.79545e-18
  0.727728              1    1.19219e-16
   0.72973              1     1.5617e-18
  0.731732              1   -4.41461e-17
  0.733734              1   -1.19259e-17
  0.735736              1    1.85269e-17
  0.737738              1   -1.51637e-17
   0.73974              1    2.92833e-17
  0.741742              1   -1.63816e-17
  0.743744              1    3.66272e-17
  0.745746              1    1.75417e-17
  0.747748              1    1.22514e-16
   0.74975              1   -5.18579e-17
  0.751752              1    4.69343e-17
  0.753754              1   -5.91423e-18
  0.755756              1    3.15476e-17
  0.757758              1    2.24179e-17
   0.75976              1    4.22389e-18
  0.761762              1   -3.23404e-17
  0.763764              1   -8.06636e-17
  0.765766              1    2.61675e-17
  0.767768              1     2.8051e-17
   0.76977              1   -1.78128e-17
  0.771772              1   -4.84169e-17
  0.773774              1   -1.02934e-16
  0.775776              1    -3.7199e-17
  0.777778              1    2.88862e-17
   0.77978              1   -5.27462e-17
  0.781782              1    2.24874e-17
  0.783784              1    3.11475e-17
  0.785786              1   -5.51385e-17
  0.787788              1    3.03953e-17
   0.78979              1    8.50753e-18
  0.791792              1    4.47396e-17
  0.793794              1   -2.40086e-17
  0.795796              1    2.80119e-17
  0.797798              1    5.63827e-17
    0.7998              1    4.12768e-17
  0.801802              1   -2.60837e-17
  0.803804              1   -1.33861e-17
  0.805806              1    2.95108e-17
  0.807808              1    -4.9418e-17
   0.80981              1    -2.5225e-17
  0.811812              1   -7.94286e-17
  0.813814              1    9.32111e-17
  0.815816              1    7.60316e-17
  0.817818              1    9.92135e-18
   0.81982              1   -4.99951e-17
  0.821822              1    3.60352e-18
  0.823824              1    1.23051e-16
  0.825826              1    9.48678e-17
  0.827828              1     1.3682e-17
   0.82983              1    3.50522e-17
  0.831832              1   -4.16479e-17
  0.833834              1    6.67491e-17
  0.835836              1   -2.58399e-17
  0.837838              1   -1.81227e-17
   0.83984              1   -1.88927e-17
  0.841842              1     2.1066e-17
  0.843844              1    8.09066e-18
  0.845846              1      6.416e-17
  0.847848              1    1.59468e-17
   0.84985              1   -5.79018e-18
  0.851852              1    5.34609e-17
  0.853854              1    7.54567e-17
  0.855856              1   -6.14054e-17
  0.857858              1     5.3024e-17
   0.85986              1    8.37984e-17
  0.861862              1    9.87311e-17
  0.863864              1   -1.80635e-17
  0.865866              1   -8.94598e-18
  0.867868              1   -4.40196e-17
   0.86987              1   -3.13366e-17
  0.871872              1    8.91099e-17
  0.873874              1   -4.79561e-17
  0.875876              1   -1.15562e-16
  0.877878              1   -1.27724e-16
   0.87988              1   -7.97585e-17
  0.881882              1    3.99595e-17
  0.883884              1    1.28966e-17
  0.885886              1    8.52237e-17
  0.887888              1    3.20176e-17
   0.88989              1    3.75153e-17
  0.891892              1    4.38553e-17
  0.893894              1    7.59548e-17
  0.895896              1    1.59901e-17
  0.897898              1    2.94651e-17
    0.8999              1    1.63287e-17
  0.901902              1   -4.58863e-17
  0.903904              1    1.62023e-17
  0.905906              1   -2.12801e-17
  0.907908              1    5.78111e-17
   0.90991              1   -7.41312e-18
  0.911912              1   -8.41223e-18
  0.913914              1    1.09227e-18
  0.915916              1    6.10142e-17
  0.917918              1    3.46796e-17
   0.91992              1    1.54129e-17
  0.921922              1    2.60432e-17
  0.923924              1    3.75699e-17
  0.925926              1     8.2428e-17
  0.927928              1    5.61505e-17
   0.92993              1     4.8391e-17
  0.931932              1    9.34123e-17
  0.933934              1    -3.1073e-18
  0.935936              1    8.46963e-17
  0.937938              1    2.60747e-17
   0.93994              1   -4.03815e-17
  0.941942              1    3.40988e-17
  0.943944              1    3.79368e-17
  0.945946              1    2.21004e-17
  0.947948              1    2.50511e-17
   0.94995              1    8.23132e-18
  0.951952              1   -9.87124e-17
  0.953954              1    4.53311e-17
  0.955956              1   -6.86034e-17
  0.957958              1   -3.23064e-17
   0.95996              1   -5.65429e-17
  0.961962              1   -3.90664e-17
  0.963964              1    3.13937e-18
  0.965966              1   -5.13691e-19
  0.967968              1    2.61529e-17
   0.96997              1    4.50438e-17
  0.971972              1    4.34392e-17
  0.973974              1    7.57333e-17
  0.975976              1    8.86395e-18
  0.977978              1    1.09316e-16
   0.97998              1   -1.75569e-16
  0.981982              1    1.20142e-17
  0.983984              1    6.41963e-17
  0.985986              1   -1.02511e-17
  0.987988              1   -1.33768e-16
   0.98999              1   -6.21818e-17
  0.991992              1    2.98558e-17
  0.993994              1    4.23043e-17
  0.995996              1    1.31961e-16
  0.997998              1    4.22586e-17
         1              1    3.48629e-17
