E Sigma_s_r Sigma_s_i Sigma_d_r Sigma_d_i
        -1       -1.14147        -2.2242       -1.14147        -2.2242
 -0.777778       -1.21363       -2.18566       -1.21363       -2.18566
 -0.555556       -1.43242       -2.04895       -1.43242       -2.04895
 -0.333333       -2.09107        -1.3702       -2.09107        -1.3702
 -0.111111       -11.0941   -1.08423e-06       -11.0941   -1.08423e-06
  0.111111        11.0941   -1.08423e-06        11.0941   -1.08423e-06
  0.333333        2.09107        -1.3702        2.09107        -1.3702
  0.555556        1.43242       -2.04895        1.43242       -2.04895
  0.777778        1.21363       -2.18566        1.21363       -2.18566
         1        1.14147        -2.2242        1.14147        -2.2242
